413,28 -> 385,0
471,266 -> 458,253
313,152 -> 302,141
332,204 -> 320,216
423,231 -> 460,268
336,23 -> 352,7
427,224 -> 427,209
157,23 -> 157,21
158,336 -> 158,275
218,231 -> 220,231
237,201 -> 241,201
265,215 -> 285,215
299,201 -> 304,201
298,95 -> 298,110
171,231 -> 182,231
190,65 -> 190,66
318,26 -> 320,28
446,47 -> 441,42
375,95 -> 372,95
377,237 -> 363,223
455,167 -> 431,167
153,314 -> 153,360
223,155 -> 223,123
355,19 -> 356,18
392,103 -> 389,100
321,135 -> 277,135
284,13 -> 295,24
469,7 -> 464,2
161,318 -> 179,300
345,9 -> 354,0
327,105 -> 291,105
331,106 -> 331,97
294,114 -> 294,113
260,38 -> 257,41
227,45 -> 239,45
264,33 -> 253,22
283,207 -> 281,209
446,265 -> 456,265
341,61 -> 341,59
472,132 -> 472,139
169,228 -> 180,217
312,150 -> 312,201
355,241 -> 374,222
193,254 -> 186,247
411,35 -> 363,83
303,113 -> 303,123
435,169 -> 450,169
273,70 -> 273,102
256,253 -> 149,253
163,269 -> 169,269
407,23 -> 405,23
246,101 -> 238,93
351,287 -> 356,292
309,173 -> 331,173
250,104 -> 296,58
188,178 -> 191,181
179,172 -> 180,171
261,175 -> 281,175
236,75 -> 261,100
383,180 -> 364,199
368,211 -> 368,195
424,69 -> 401,69
478,152 -> 463,167
151,18 -> 169,0
246,148 -> 246,151
249,176 -> 249,146
441,233 -> 441,224
175,152 -> 171,148
397,174 -> 438,215
326,92 -> 328,94
255,78 -> 255,80
383,5 -> 382,6
41,220 -> 0,179
259,149 -> 249,139
278,147 -> 280,145
453,246 -> 453,269
444,143 -> 374,73
192,80 -> 197,80
467,86 -> 467,95
362,256 -> 362,294
272,24 -> 271,23
400,109 -> 400,96
255,190 -> 255,118
195,291 -> 210,291
335,87 -> 335,69
230,267 -> 198,267
271,123 -> 266,128
358,186 -> 368,186
291,149 -> 268,149
457,253 -> 466,262
221,76 -> 228,76
386,163 -> 382,167
150,200 -> 174,200
338,168 -> 422,252
429,127 -> 442,114
177,238 -> 175,240
305,49 -> 307,51
433,68 -> 411,68
362,34 -> 357,34
415,60 -> 407,68
274,174 -> 303,203
224,79 -> 229,74
315,120 -> 317,120
344,201 -> 333,201
254,127 -> 254,81
183,161 -> 172,172
385,106 -> 392,106
321,278 -> 403,360
334,55 -> 313,76
281,169 -> 291,169
300,131 -> 293,124
428,72 -> 418,72
304,70 -> 304,59
196,60 -> 198,62
164,191 -> 152,191
253,189 -> 268,189
381,104 -> 381,112
328,76 -> 336,68
201,272 -> 198,269
395,133 -> 387,141
314,35 -> 291,12
243,123 -> 245,121
428,223 -> 446,241
195,252 -> 205,252
414,30 -> 366,78
253,46 -> 253,99
471,91 -> 453,91
384,93 -> 384,73
183,327 -> 238,272
276,91 -> 281,91
404,16 -> 407,16
280,30 -> 280,79
334,209 -> 334,205
357,80 -> 365,88
206,284 -> 225,265
413,222 -> 449,186
343,29 -> 344,30
346,227 -> 340,221
462,136 -> 462,134
347,70 -> 352,75
372,12 -> 372,20
280,141 -> 280,173
209,89 -> 261,89
161,158 -> 161,173
380,6 -> 407,6
266,222 -> 271,222
366,81 -> 354,93
441,126 -> 438,123
295,111 -> 282,111
208,159 -> 208,97
352,102 -> 365,102
265,168 -> 335,98
285,53 -> 298,66
464,269 -> 464,272
289,50 -> 271,50
443,145 -> 443,144
403,54 -> 403,52
242,114 -> 242,110
423,139 -> 379,95
156,262 -> 208,262
194,241 -> 194,230
445,141 -> 466,141
311,68 -> 311,51
470,98 -> 470,95
318,229 -> 323,224
439,179 -> 438,180
186,260 -> 164,238
376,108 -> 348,80
156,181 -> 164,189
436,165 -> 444,157
203,242 -> 208,247
223,255 -> 223,259
176,225 -> 154,225
227,227 -> 207,207
438,179 -> 438,178
228,263 -> 218,263
288,72 -> 288,89
307,176 -> 298,167
398,25 -> 423,0
455,24 -> 462,17
331,22 -> 353,0
270,72 -> 272,72
189,172 -> 189,198
167,293 -> 168,293
445,2 -> 465,22
321,28 -> 298,5
378,231 -> 378,207
431,83 -> 406,83
472,96 -> 459,96
184,276 -> 231,229
458,159 -> 473,159
421,105 -> 421,94
169,192 -> 169,205
297,27 -> 305,27
260,169 -> 265,169
264,172 -> 264,170
411,15 -> 417,9
213,151 -> 268,151
216,101 -> 244,101
307,78 -> 321,64
187,191 -> 187,289
165,20 -> 185,0
467,99 -> 480,99
406,262 -> 428,240
245,230 -> 245,178
407,59 -> 436,30
340,14 -> 338,16
216,20 -> 220,20
269,54 -> 287,36
454,114 -> 444,114
330,36 -> 333,36
458,113 -> 460,113
259,96 -> 265,102
408,177 -> 424,177
316,119 -> 303,119
192,13 -> 192,10
249,76 -> 246,76
212,64 -> 181,95
175,188 -> 157,170
396,191 -> 386,181
161,297 -> 162,296
472,301 -> 472,235
255,98 -> 269,112
383,57 -> 383,69
297,143 -> 297,131
353,254 -> 311,212
466,165 -> 466,178
279,210 -> 281,212
212,183 -> 211,182
231,245 -> 231,249
306,140 -> 317,151
400,73 -> 400,74
255,243 -> 255,232
292,79 -> 292,72
353,111 -> 353,112
335,43 -> 378,0
192,299 -> 192,289
148,268 -> 172,244
358,248 -> 365,248
268,208 -> 274,214
287,180 -> 310,157
307,197 -> 354,197
221,80 -> 232,91
443,90 -> 430,103
462,170 -> 475,170
352,175 -> 352,210
163,159 -> 163,175
305,93 -> 334,64
268,167 -> 263,167
405,155 -> 405,146
201,156 -> 157,200
475,301 -> 475,277
195,304 -> 195,288
225,262 -> 209,278
286,173 -> 299,186
338,31 -> 338,60
301,169 -> 304,172
159,161 -> 168,161
437,224 -> 440,227
328,25 -> 328,177
456,46 -> 447,46
439,145 -> 435,145
404,214 -> 415,214
277,64 -> 214,127
210,229 -> 193,246
428,44 -> 418,54
168,223 -> 173,218
286,150 -> 287,150
471,142 -> 471,163
444,206 -> 441,206
286,246 -> 265,246
437,183 -> 405,183
263,130 -> 262,129
195,216 -> 186,207
358,260 -> 358,263
286,33 -> 270,33
219,206 -> 219,209
347,53 -> 347,88
459,272 -> 455,272
276,127 -> 322,173
314,182 -> 320,176
243,196 -> 243,201
172,184 -> 190,202
357,116 -> 362,116
195,105 -> 187,105
346,199 -> 352,205
437,44 -> 445,44
176,216 -> 186,206
295,130 -> 292,130
464,134 -> 413,185
427,10 -> 372,65
232,226 -> 237,231
450,169 -> 450,158
180,322 -> 179,322
242,7 -> 249,0
342,241 -> 343,240
261,143 -> 261,122
356,3 -> 353,0
346,232 -> 341,227
360,70 -> 352,78
379,226 -> 376,223
345,310 -> 383,310
275,31 -> 271,35
313,208 -> 292,187
332,20 -> 332,17
426,81 -> 426,94
265,85 -> 279,99
195,276 -> 198,279
218,223 -> 209,214
238,154 -> 260,176
381,226 -> 381,196
176,204 -> 176,170
251,29 -> 251,25
473,11 -> 473,0
271,248 -> 242,248
292,259 -> 348,203
422,124 -> 416,124
298,166 -> 309,155
264,106 -> 264,93
303,203 -> 303,196
341,4 -> 337,0
434,182 -> 449,167
217,14 -> 231,0
327,49 -> 331,53
380,123 -> 422,81
169,147 -> 166,150
422,207 -> 419,204
425,57 -> 408,74
355,184 -> 355,224
193,53 -> 189,49
216,210 -> 242,236
472,124 -> 467,119
435,112 -> 475,112
273,125 -> 277,125
444,224 -> 439,224
293,114 -> 294,115
299,179 -> 309,179
425,74 -> 425,108
317,108 -> 317,93
246,50 -> 282,14
374,103 -> 361,90
303,41 -> 303,53
216,65 -> 233,48
344,237 -> 344,251
273,14 -> 273,18
198,248 -> 145,195
279,16 -> 324,61
317,221 -> 317,178
411,152 -> 407,152
175,227 -> 173,229
396,204 -> 409,204
269,90 -> 271,88
400,151 -> 424,127
446,295 -> 464,313
330,88 -> 332,88
444,192 -> 412,224
467,161 -> 439,161
198,83 -> 200,81
164,199 -> 164,184
330,171 -> 257,98
386,73 -> 386,60
424,172 -> 410,172
444,183 -> 433,172
181,187 -> 172,187
410,67 -> 413,70
339,91 -> 332,91
302,77 -> 275,104
340,256 -> 340,273
268,101 -> 240,73
272,96 -> 272,99
201,94 -> 222,73
226,209 -> 202,209
292,99 -> 305,112
349,78 -> 332,61
413,130 -> 422,130
464,172 -> 453,172
169,281 -> 199,251
366,249 -> 366,200
173,160 -> 180,160
211,21 -> 208,21
339,200 -> 346,200
228,221 -> 245,238
433,51 -> 398,51
287,168 -> 297,178
453,176 -> 382,176
220,221 -> 226,227
224,152 -> 302,74
352,77 -> 352,80
225,177 -> 189,213
338,112 -> 328,122
429,71 -> 438,71
305,121 -> 305,117
291,58 -> 307,58
438,191 -> 445,191
466,204 -> 462,208
269,233 -> 295,207
204,265 -> 232,265
475,166 -> 480,166
348,168 -> 351,168
186,191 -> 183,188
405,159 -> 436,128
408,237 -> 409,238
210,201 -> 173,201
164,143 -> 163,142
456,217 -> 456,248
243,51 -> 204,12
461,88 -> 461,82
281,235 -> 258,235
428,167 -> 433,162
266,70 -> 266,123
394,19 -> 375,0
451,94 -> 441,104
265,155 -> 270,150
441,212 -> 441,218
333,30 -> 324,39
280,86 -> 284,90
357,104 -> 364,97
394,226 -> 394,180
342,276 -> 344,278
181,154 -> 181,149
238,235 -> 238,224
464,98 -> 472,106
356,80 -> 338,62
447,123 -> 430,123
158,234 -> 158,197
162,249 -> 162,244
181,11 -> 192,0
399,196 -> 325,196
403,1 -> 403,0
265,224 -> 261,228
236,268 -> 215,247
377,212 -> 391,198
478,268 -> 480,270
237,228 -> 237,218
309,247 -> 279,217
437,290 -> 437,269
275,59 -> 275,51
290,194 -> 291,194
170,175 -> 170,164
298,120 -> 298,130
265,113 -> 272,120
316,132 -> 298,114
270,194 -> 271,193
274,129 -> 276,129
275,168 -> 275,172
294,196 -> 278,196
298,11 -> 312,11
392,76 -> 400,84
469,98 -> 466,95
470,261 -> 480,261
398,38 -> 387,38
455,83 -> 457,83
402,93 -> 400,91
166,2 -> 150,18
294,87 -> 294,70
332,286 -> 360,286
379,239 -> 362,239
193,96 -> 197,96
251,150 -> 251,142
288,156 -> 289,157
345,93 -> 331,93
165,202 -> 179,202
203,11 -> 269,11
223,68 -> 226,65
189,212 -> 189,229
429,147 -> 432,150
264,149 -> 267,152
283,147 -> 362,68
411,70 -> 413,72
449,143 -> 468,143
344,99 -> 338,99
472,88 -> 479,81
260,193 -> 260,202
240,20 -> 243,23
421,33 -> 421,41
365,301 -> 352,301
409,209 -> 412,206
193,130 -> 216,107
469,309 -> 473,309
217,260 -> 228,249
454,43 -> 447,36
240,99 -> 240,100
424,106 -> 413,106
297,252 -> 264,219
279,52 -> 233,52
317,225 -> 317,220
340,70 -> 340,102
363,111 -> 361,113
326,113 -> 281,158
309,243 -> 211,243
258,241 -> 248,231
261,21 -> 260,20
207,278 -> 207,282
444,228 -> 440,232
463,184 -> 480,184
377,63 -> 416,102
392,185 -> 392,198
168,303 -> 168,286
392,220 -> 402,230
326,128 -> 326,130
164,251 -> 167,251
477,108 -> 477,111
192,228 -> 197,223
433,206 -> 438,211
197,125 -> 197,130
454,128 -> 454,111
202,261 -> 204,259
231,228 -> 196,263
406,155 -> 364,113
409,101 -> 415,95
174,167 -> 166,167
373,144 -> 370,144
433,95 -> 385,95
287,140 -> 315,168
442,267 -> 439,267
462,226 -> 462,229
209,254 -> 209,276
173,21 -> 170,21
376,95 -> 376,76
304,204 -> 304,208
237,150 -> 215,150
324,135 -> 311,122
287,29 -> 315,1
254,64 -> 254,86
455,227 -> 453,225
348,29 -> 319,0
439,246 -> 451,246
443,243 -> 446,240
372,139 -> 372,133
451,284 -> 451,241
287,154 -> 277,154
173,233 -> 168,238
163,144 -> 166,144
182,156 -> 163,137
277,120 -> 277,94
349,211 -> 367,193
218,191 -> 267,191
174,194 -> 174,203
304,42 -> 302,44
233,84 -> 243,74
451,173 -> 451,171
414,35 -> 369,80
253,9 -> 244,0
367,1 -> 367,0
280,3 -> 269,14
408,120 -> 408,135
262,119 -> 262,133
323,103 -> 324,102
286,121 -> 287,121
287,97 -> 291,101
418,145 -> 469,145
256,60 -> 259,57
376,48 -> 380,44
465,138 -> 465,137
229,113 -> 233,113
247,152 -> 270,152
413,106 -> 402,106
418,256 -> 421,259
367,231 -> 367,248
208,180 -> 143,180
336,121 -> 333,118
464,78 -> 449,93
427,82 -> 438,93
319,64 -> 285,98
289,21 -> 289,73
218,117 -> 226,125
309,90 -> 347,90
439,170 -> 460,170
366,37 -> 368,35
167,12 -> 179,0
423,230 -> 478,285
336,8 -> 336,16
190,247 -> 199,238
446,93 -> 438,101
393,87 -> 416,87
219,282 -> 226,289
225,250 -> 233,258
431,177 -> 430,177
218,228 -> 248,258
399,73 -> 399,101
440,22 -> 446,22
332,92 -> 332,100
479,159 -> 465,159
375,94 -> 365,94
184,27 -> 185,26
369,247 -> 379,237
241,30 -> 249,22
369,33 -> 378,42
301,69 -> 301,66
223,212 -> 223,213
264,83 -> 264,81
412,123 -> 412,128
460,266 -> 480,246
180,207 -> 180,170
218,262 -> 217,261
327,104 -> 306,104
402,65 -> 391,65
294,115 -> 293,115
354,198 -> 354,192
448,271 -> 374,197
446,270 -> 428,252
183,246 -> 182,247
378,192 -> 376,190
472,227 -> 476,231
165,238 -> 188,215
459,8 -> 480,8
350,170 -> 394,126
355,240 -> 339,240
374,60 -> 368,66
411,34 -> 369,76
378,51 -> 372,57
179,62 -> 189,62
273,69 -> 282,69
459,176 -> 452,183
251,247 -> 249,245
151,188 -> 154,188
227,266 -> 222,271
348,224 -> 348,231
178,250 -> 178,218
434,80 -> 437,83
397,92 -> 413,76
472,200 -> 461,211
202,244 -> 226,244
296,113 -> 293,113
259,7 -> 268,7
478,153 -> 480,155
151,45 -> 178,18
192,135 -> 148,179
463,239 -> 463,240
249,183 -> 279,213
433,264 -> 433,192
434,35 -> 392,77
363,75 -> 395,43
255,73 -> 247,81
420,18 -> 404,2
258,213 -> 267,213
259,148 -> 259,146
278,144 -> 274,148
245,35 -> 241,39
288,144 -> 273,144
175,264 -> 174,264
355,110 -> 355,106
453,86 -> 452,85
476,281 -> 478,279
373,143 -> 397,119
435,264 -> 452,281
231,33 -> 248,50
287,211 -> 289,211
272,168 -> 273,169
221,75 -> 217,75
442,264 -> 477,264
248,215 -> 268,215
177,237 -> 177,263
305,48 -> 305,38
291,101 -> 277,101
221,252 -> 203,270
439,165 -> 450,165
225,249 -> 219,249
443,174 -> 470,174
372,120 -> 390,102
338,316 -> 340,316
460,283 -> 480,263
339,314 -> 365,314
253,203 -> 272,203
415,204 -> 416,204
183,160 -> 114,229
439,218 -> 393,218
408,182 -> 439,182
267,77 -> 267,87
159,203 -> 159,206
198,301 -> 198,298
314,32 -> 408,32
243,122 -> 239,126
371,49 -> 366,44
210,145 -> 214,145
266,143 -> 239,143
361,11 -> 361,54
253,45 -> 289,9
418,66 -> 399,85
256,105 -> 246,95
378,27 -> 352,53
333,85 -> 333,45
262,83 -> 247,83
390,36 -> 390,31
319,134 -> 319,109
357,95 -> 387,125
414,174 -> 414,160
417,154 -> 393,154
181,161 -> 181,170
219,18 -> 278,77
183,217 -> 152,186
148,30 -> 175,3
243,152 -> 239,148
357,207 -> 359,205
229,149 -> 237,141
157,216 -> 157,228
161,157 -> 185,157
170,258 -> 156,244
309,13 -> 316,13
437,120 -> 456,120
420,174 -> 423,171
205,236 -> 206,237
171,36 -> 171,32
299,107 -> 157,249
191,41 -> 191,132
319,100 -> 302,100
447,179 -> 439,187
360,107 -> 411,107
379,217 -> 377,219
399,60 -> 360,60
238,12 -> 238,55
275,2 -> 272,5
313,187 -> 313,193
208,47 -> 208,45
265,56 -> 256,47
188,296 -> 183,291
342,62 -> 340,62
271,118 -> 271,92
184,72 -> 171,72
358,317 -> 358,329
332,64 -> 288,108
171,194 -> 171,178
247,119 -> 232,119
412,40 -> 428,40
341,254 -> 347,248
379,39 -> 380,38
416,43 -> 421,43
345,251 -> 343,253
166,261 -> 174,261
184,55 -> 184,35
203,245 -> 221,245
241,58 -> 236,53
459,79 -> 431,107
422,81 -> 422,105
181,284 -> 166,284
284,18 -> 264,38
341,111 -> 338,114
218,282 -> 216,284
274,88 -> 299,88
351,90 -> 296,35
354,234 -> 368,220
283,170 -> 283,166
247,149 -> 248,150
284,129 -> 310,155
213,37 -> 219,31
216,247 -> 209,247
242,296 -> 104,158
351,235 -> 361,245
354,93 -> 362,101
317,71 -> 317,60
166,234 -> 181,234
297,157 -> 297,155
303,20 -> 326,43
216,102 -> 206,92
299,161 -> 309,171
220,275 -> 205,275
407,58 -> 377,88
250,141 -> 306,85
344,202 -> 346,200
458,126 -> 480,104
175,191 -> 175,203
235,96 -> 302,163
383,56 -> 276,56
420,54 -> 420,80
168,39 -> 181,39
325,127 -> 299,153
400,74 -> 326,0
164,51 -> 208,7
221,62 -> 249,34
349,105 -> 349,102
409,172 -> 410,173
429,209 -> 437,209
177,184 -> 169,176
433,22 -> 440,22
235,142 -> 228,135
156,192 -> 160,188
457,152 -> 480,129
443,93 -> 462,93
409,93 -> 410,92
173,204 -> 173,229
439,304 -> 439,251
463,242 -> 463,263
159,181 -> 159,183
254,9 -> 193,70
419,212 -> 422,209
438,208 -> 445,201
397,133 -> 397,135
405,9 -> 358,56
372,92 -> 362,82
188,192 -> 188,166
395,47 -> 411,47
234,93 -> 234,83
385,117 -> 414,146
149,20 -> 129,0
206,223 -> 182,247
185,237 -> 185,221
263,108 -> 260,111
396,137 -> 410,123
215,279 -> 172,279
381,11 -> 369,11
376,219 -> 376,223
314,196 -> 286,196
206,78 -> 204,76
244,261 -> 226,243
262,172 -> 260,172
357,226 -> 383,200
360,282 -> 347,282
180,259 -> 182,259
347,52 -> 346,51
310,184 -> 310,126
276,120 -> 275,119
182,292 -> 182,221
299,169 -> 299,174
463,132 -> 402,71
156,324 -> 171,324
461,149 -> 444,132
299,198 -> 264,198
319,11 -> 308,0
157,188 -> 178,209
353,236 -> 350,239
380,43 -> 382,43
253,275 -> 256,275
423,217 -> 452,246
393,30 -> 393,141
428,291 -> 305,168
214,166 -> 222,174
470,28 -> 470,15
309,146 -> 309,143
275,30 -> 298,7
473,298 -> 473,260
333,300 -> 442,191
261,31 -> 273,31
412,157 -> 412,131
365,91 -> 363,89
238,155 -> 161,232
298,20 -> 278,0
416,225 -> 415,224
375,6 -> 375,0
288,2 -> 286,0
180,16 -> 184,16
237,33 -> 225,21
455,110 -> 480,135
440,189 -> 430,189
459,107 -> 480,107
422,125 -> 420,125
298,167 -> 327,138
174,23 -> 183,23
445,180 -> 424,180
321,78 -> 312,78
213,72 -> 259,72
278,123 -> 339,62
401,182 -> 401,185
165,213 -> 165,206
331,53 -> 317,67
422,204 -> 406,220
227,100 -> 207,80
411,125 -> 428,125
216,211 -> 225,220
192,248 -> 192,299
313,180 -> 318,180
454,189 -> 480,163
401,71 -> 401,74
169,35 -> 205,71
351,207 -> 351,212
176,285 -> 179,282
250,62 -> 253,65
344,55 -> 389,100
397,19 -> 393,23
240,120 -> 240,94
229,194 -> 218,205
406,193 -> 412,199
175,313 -> 175,319
445,263 -> 435,253
250,161 -> 255,161
198,193 -> 202,197
326,10 -> 316,0
273,158 -> 291,140
420,219 -> 423,219
348,210 -> 348,213
296,73 -> 329,106
444,193 -> 424,173
249,111 -> 205,67
195,314 -> 148,267
468,207 -> 480,207
363,19 -> 360,16
457,90 -> 457,96
424,173 -> 416,173
463,84 -> 466,81
268,102 -> 268,96
201,93 -> 200,93
476,193 -> 480,193
349,77 -> 335,91
153,226 -> 148,231
154,228 -> 154,214
429,53 -> 382,100
177,164 -> 177,207
388,212 -> 395,219
220,222 -> 258,222
476,112 -> 453,135
177,53 -> 187,63
234,46 -> 243,46
415,247 -> 423,255
220,77 -> 264,121
348,58 -> 367,58
224,8 -> 227,11
405,45 -> 361,45
460,140 -> 460,134
432,69 -> 480,117
395,75 -> 344,126
254,180 -> 254,134
201,264 -> 205,264
384,248 -> 388,252
257,110 -> 228,110
178,278 -> 191,278
186,174 -> 175,185
471,173 -> 461,173
182,32 -> 182,0
239,177 -> 239,188
150,255 -> 194,255
233,8 -> 211,30
286,2 -> 284,0
182,202 -> 182,229
200,223 -> 183,240
347,16 -> 331,0
184,17 -> 194,17
276,28 -> 276,25
399,136 -> 385,122
232,176 -> 209,199
394,227 -> 433,188
323,27 -> 323,36
252,147 -> 252,144
418,253 -> 453,253
256,192 -> 263,192
204,270 -> 195,261
461,185 -> 451,195
285,75 -> 280,75
413,54 -> 465,106
252,2 -> 250,0
309,69 -> 310,70
370,117 -> 439,186
389,61 -> 392,61
271,57 -> 271,44
474,183 -> 478,179
241,224 -> 241,217
403,113 -> 352,113
242,187 -> 242,87
301,92 -> 301,101
187,67 -> 185,67
265,112 -> 251,112
412,225 -> 410,227
342,102 -> 296,102
180,69 -> 178,71
237,116 -> 224,116
467,321 -> 472,316
251,203 -> 206,203
298,8 -> 290,16
464,272 -> 476,260
392,77 -> 385,84
247,63 -> 279,95
412,16 -> 436,40
365,208 -> 393,208
331,64 -> 291,104
204,210 -> 205,211
422,153 -> 440,135
321,99 -> 321,69
247,172 -> 247,175
449,29 -> 440,38
341,39 -> 346,34
364,95 -> 393,124
401,146 -> 464,209
165,201 -> 182,184
331,209 -> 261,209
351,146 -> 409,204
284,201 -> 284,210
251,262 -> 230,262
344,100 -> 344,109
364,31 -> 378,31
293,21 -> 272,0
317,143 -> 375,85
246,31 -> 238,39
175,17 -> 176,16
468,13 -> 471,16
296,150 -> 296,152
478,162 -> 479,163
281,208 -> 258,185
320,12 -> 335,12
155,257 -> 176,236
421,152 -> 424,155
363,110 -> 329,110
253,249 -> 253,247
229,266 -> 219,256
296,37 -> 296,48
259,187 -> 254,192
191,239 -> 177,225
226,186 -> 213,186
211,210 -> 238,210
468,227 -> 468,224
292,49 -> 255,12
350,267 -> 220,137
282,107 -> 290,115
166,110 -> 214,110
343,278 -> 346,278
207,55 -> 207,90
335,226 -> 339,222
429,25 -> 448,6
358,129 -> 343,144
395,137 -> 397,139
268,153 -> 297,153
415,90 -> 407,90
453,147 -> 464,147
348,111 -> 336,99
352,106 -> 401,57
315,94 -> 356,94
451,231 -> 454,234
173,20 -> 173,17
234,2 -> 236,0
441,282 -> 480,282
220,81 -> 228,81
186,225 -> 186,235
230,281 -> 254,257
405,65 -> 395,75
443,242 -> 448,247
211,270 -> 240,270
257,74 -> 257,82
243,97 -> 256,110
371,84 -> 371,91
300,40 -> 300,48
357,169 -> 349,161
233,91 -> 233,124
166,164 -> 168,162
337,53 -> 325,41
286,126 -> 286,102
366,200 -> 379,200
239,58 -> 248,49
286,210 -> 387,210
337,70 -> 322,85
465,137 -> 465,140
455,237 -> 455,230
447,9 -> 447,34
252,183 -> 274,205
343,232 -> 351,224
441,96 -> 319,96
336,122 -> 301,87
299,14 -> 292,7
387,252 -> 408,231
189,294 -> 185,298
323,132 -> 327,128
358,266 -> 353,266
313,158 -> 313,109
167,15 -> 184,15
170,241 -> 181,230
426,135 -> 426,121
262,150 -> 303,109
465,26 -> 461,22
237,199 -> 240,202
238,224 -> 230,224
241,140 -> 241,150
242,223 -> 251,232
460,106 -> 464,106
171,217 -> 181,207
318,24 -> 323,29
375,89 -> 380,94
322,71 -> 319,68
387,130 -> 307,50
308,22 -> 327,22
365,35 -> 365,37
294,225 -> 207,312
456,168 -> 480,168
264,84 -> 264,61
176,320 -> 176,260
395,169 -> 385,169
341,74 -> 294,27
469,5 -> 480,5
345,15 -> 360,0
398,3 -> 401,0
283,18 -> 283,6
223,42 -> 197,68
425,231 -> 425,202
283,193 -> 283,208
284,190 -> 292,182
216,284 -> 242,258
469,246 -> 452,229
217,69 -> 202,84
435,58 -> 480,103
336,308 -> 336,329
165,237 -> 165,234
402,209 -> 412,219
166,190 -> 169,187
196,251 -> 188,243
340,133 -> 338,133
361,265 -> 361,244
179,1 -> 178,2
401,15 -> 401,21
354,41 -> 356,43
407,17 -> 426,36
249,197 -> 249,184
175,53 -> 175,54
320,225 -> 320,220
269,16 -> 269,22
236,69 -> 238,71
202,245 -> 176,219
274,242 -> 240,242
296,114 -> 282,100
259,6 -> 271,6
377,321 -> 324,268
326,82 -> 296,82
331,302 -> 342,313
349,147 -> 300,98
175,267 -> 191,251
418,198 -> 437,179
400,111 -> 400,141
420,98 -> 480,98
420,166 -> 430,176
282,79 -> 303,79
339,18 -> 357,0
268,46 -> 246,68
325,43 -> 311,57
292,164 -> 292,195
386,161 -> 386,181
466,115 -> 470,119
177,236 -> 171,236
196,280 -> 196,263
268,189 -> 306,151
415,62 -> 405,62
382,39 -> 382,94
477,273 -> 477,272
248,71 -> 250,73
373,66 -> 369,66
253,202 -> 247,202
415,207 -> 425,207
199,238 -> 166,238
198,18 -> 191,11
405,101 -> 404,101
300,125 -> 273,125
361,121 -> 369,129
200,57 -> 156,101
438,23 -> 438,40
300,12 -> 269,43
357,205 -> 360,208
195,254 -> 204,254
361,10 -> 362,11
471,85 -> 468,88
437,165 -> 445,173
404,18 -> 352,70
232,265 -> 236,269
451,25 -> 458,25
181,160 -> 178,157
219,21 -> 239,1
347,88 -> 342,83
202,122 -> 202,83
243,155 -> 321,233
371,241 -> 346,216
464,156 -> 472,164
306,214 -> 301,209
413,77 -> 372,36
309,12 -> 297,0
441,124 -> 444,124
205,235 -> 205,245
427,177 -> 427,154
447,155 -> 459,167
379,216 -> 349,216
332,242 -> 332,248
208,32 -> 190,32
190,144 -> 194,148
476,298 -> 480,298
360,251 -> 352,259
379,73 -> 385,79
237,171 -> 228,171
238,252 -> 272,218
275,114 -> 273,116
369,115 -> 369,83
468,300 -> 480,300
156,183 -> 192,183
194,126 -> 254,126
160,178 -> 173,178
379,38 -> 379,13
398,108 -> 382,92
157,228 -> 154,228
425,178 -> 427,180
388,66 -> 388,95
392,5 -> 397,0
470,322 -> 480,312
473,94 -> 473,104
455,26 -> 465,26
227,75 -> 228,76
449,197 -> 439,207
303,166 -> 299,166
469,138 -> 471,136
220,197 -> 276,141
222,236 -> 213,227
262,74 -> 262,88
374,25 -> 389,40
175,88 -> 179,92
478,235 -> 480,237
444,79 -> 452,87
448,10 -> 452,14
467,278 -> 467,241
382,132 -> 406,156
431,179 -> 427,179
344,203 -> 339,203
326,47 -> 326,36
457,300 -> 442,285
420,160 -> 454,126
353,131 -> 353,93
409,173 -> 413,177
340,127 -> 288,75
235,99 -> 240,104
363,54 -> 385,76
330,181 -> 203,308
356,236 -> 412,180
350,304 -> 353,307
211,138 -> 221,138
325,126 -> 330,126
272,6 -> 264,14
400,75 -> 387,88
454,274 -> 422,242
430,219 -> 427,216
291,179 -> 291,201
221,174 -> 218,171
315,41 -> 315,64
173,203 -> 168,208
429,97 -> 371,97
254,14 -> 246,22
311,93 -> 311,94
443,205 -> 436,205
466,230 -> 480,230
432,90 -> 437,85
357,272 -> 355,270
253,238 -> 232,217
182,170 -> 157,195
466,124 -> 466,101
272,232 -> 272,255
428,46 -> 441,33
267,104 -> 308,104
159,174 -> 151,166
452,164 -> 452,180
471,136 -> 480,127
186,335 -> 186,319
185,295 -> 181,299
361,230 -> 361,225
418,103 -> 414,103
475,122 -> 480,122
152,7 -> 164,7
242,272 -> 234,280
210,261 -> 201,261
174,222 -> 139,222
195,107 -> 190,107
271,143 -> 271,148
479,205 -> 458,205
366,128 -> 391,103
276,232 -> 258,250
465,209 -> 468,209
343,144 -> 320,121
181,53 -> 175,47
459,167 -> 476,150
185,50 -> 219,50
242,5 -> 237,0
464,23 -> 441,0
228,112 -> 251,112
447,214 -> 454,214
219,144 -> 214,139
403,84 -> 359,84
265,91 -> 265,108
379,85 -> 378,85
184,101 -> 190,95
185,268 -> 182,265
242,231 -> 256,245
460,178 -> 480,178
167,213 -> 164,216
247,90 -> 247,170
425,190 -> 425,188
193,284 -> 193,281
342,202 -> 354,190
294,41 -> 295,42
422,114 -> 465,71
351,40 -> 342,40
449,48 -> 387,48
288,114 -> 288,87
350,208 -> 361,208
216,212 -> 219,215
288,225 -> 265,202
307,63 -> 307,67
470,293 -> 480,303
293,112 -> 261,144
350,99 -> 350,79
297,117 -> 297,81
438,105 -> 438,131
378,104 -> 378,101
431,230 -> 431,189
455,284 -> 449,278
387,4 -> 387,0
444,83 -> 444,79
320,33 -> 348,61
242,258 -> 247,258
468,89 -> 480,89
471,242 -> 471,240
401,197 -> 389,197
184,179 -> 177,172
424,31 -> 424,0
159,250 -> 192,217
235,79 -> 239,83
278,89 -> 312,123
463,87 -> 479,71
396,44 -> 396,63
144,29 -> 144,0
457,42 -> 446,31
221,1 -> 221,22
258,13 -> 258,0
216,287 -> 216,283
211,23 -> 188,0
430,247 -> 430,217
439,127 -> 433,127
244,213 -> 244,172
173,47 -> 199,21
301,122 -> 262,83
305,127 -> 299,121
476,95 -> 448,95
162,307 -> 168,301
456,76 -> 398,134
169,239 -> 169,267
290,205 -> 298,197
334,109 -> 338,109
300,69 -> 311,58
333,206 -> 281,206
230,130 -> 234,126
234,193 -> 231,193
253,99 -> 299,53
408,219 -> 408,257
404,91 -> 397,91
244,282 -> 223,282
390,82 -> 432,82
394,17 -> 405,6
432,164 -> 480,164
414,84 -> 416,86
290,94 -> 297,94
437,157 -> 464,130
370,144 -> 370,137
333,28 -> 383,78
290,230 -> 267,207
209,22 -> 178,53
236,260 -> 236,251
219,180 -> 219,249
161,235 -> 161,198
215,24 -> 206,33
461,184 -> 454,191
464,100 -> 456,108
240,275 -> 235,270
265,149 -> 265,133
293,107 -> 292,106
380,72 -> 375,72
193,212 -> 132,212
427,249 -> 427,257
255,279 -> 249,285
252,114 -> 265,127
218,14 -> 224,8
378,88 -> 410,88
180,168 -> 195,168
167,251 -> 167,264
171,252 -> 171,240
469,271 -> 471,269
416,229 -> 425,238
312,54 -> 255,111
374,78 -> 361,65
364,206 -> 352,206
416,84 -> 431,69
256,116 -> 260,112
227,50 -> 219,50
247,175 -> 268,154
284,91 -> 284,118
143,272 -> 182,272
327,23 -> 332,18
452,278 -> 425,251
295,64 -> 311,48
350,204 -> 350,213
470,169 -> 467,166
457,263 -> 457,269
269,154 -> 269,117
307,27 -> 302,27
435,78 -> 473,116
364,24 -> 375,13
169,30 -> 172,30
188,302 -> 175,315
354,2 -> 355,1
317,142 -> 196,21
341,282 -> 348,289
246,83 -> 250,87
478,163 -> 480,163
316,74 -> 334,56
279,54 -> 281,54
302,141 -> 294,133
178,167 -> 178,179
164,150 -> 181,167
383,98 -> 404,77
258,207 -> 258,210
353,203 -> 381,203
207,272 -> 209,272
410,50 -> 380,20
306,195 -> 288,195
272,63 -> 272,42
330,205 -> 217,205
258,126 -> 258,138
477,106 -> 465,106
335,124 -> 350,109
292,129 -> 295,126
349,80 -> 417,12
443,23 -> 450,30
248,189 -> 252,185
178,280 -> 170,280
168,286 -> 168,171
442,229 -> 454,229
358,17 -> 375,0
458,215 -> 473,200
234,3 -> 237,0
461,150 -> 475,136
257,216 -> 257,220
224,21 -> 240,37
214,285 -> 188,259
244,88 -> 244,55
300,154 -> 283,154
428,103 -> 426,103
391,109 -> 409,109
451,286 -> 446,281
385,188 -> 325,188
400,211 -> 355,211
348,317 -> 243,212
404,127 -> 410,127
262,117 -> 262,112
361,190 -> 386,190
418,175 -> 405,175
148,4 -> 148,0
243,190 -> 243,185
205,246 -> 201,246
214,269 -> 194,269
414,195 -> 404,195
366,184 -> 346,204
313,44 -> 285,44
276,160 -> 316,200
450,239 -> 449,238
192,85 -> 229,122
154,236 -> 156,234
349,203 -> 306,203
346,44 -> 337,44
167,14 -> 170,11
208,69 -> 197,69
172,242 -> 173,243
289,132 -> 292,132
194,27 -> 182,27
160,151 -> 177,168
241,28 -> 232,19
370,183 -> 370,189
160,6 -> 166,0
469,4 -> 473,0
331,111 -> 344,98
223,21 -> 227,25
227,46 -> 265,8
264,36 -> 303,75
283,192 -> 249,192
307,198 -> 371,198
473,242 -> 480,249
466,258 -> 480,244
425,119 -> 467,119
355,242 -> 396,201
212,226 -> 225,226
269,190 -> 269,201
237,266 -> 237,251
296,228 -> 302,234
189,103 -> 183,109
355,323 -> 355,309
411,213 -> 411,220
468,34 -> 479,23
435,219 -> 436,219
296,115 -> 287,115
302,169 -> 302,160
434,216 -> 438,216
420,28 -> 316,132
296,2 -> 294,0
188,16 -> 188,0
192,83 -> 221,112
430,77 -> 423,77
359,25 -> 350,25
396,101 -> 392,101
352,297 -> 360,305
359,312 -> 352,312
282,76 -> 341,17
418,262 -> 454,226
429,235 -> 438,244
177,146 -> 154,169
201,20 -> 191,10
457,226 -> 472,226
406,134 -> 407,134
429,124 -> 436,124
201,229 -> 165,193
419,58 -> 417,56
348,76 -> 358,66
477,272 -> 480,269
315,125 -> 306,134
210,109 -> 208,109
358,61 -> 355,61
162,264 -> 194,264
341,205 -> 279,143
437,146 -> 473,146
324,116 -> 303,95
163,142 -> 170,135
384,200 -> 364,180
455,179 -> 480,154
267,220 -> 317,170
286,200 -> 261,200
314,145 -> 303,134
408,86 -> 419,75
462,265 -> 462,271
158,6 -> 158,0
256,26 -> 277,5
466,75 -> 466,80
442,218 -> 409,185
413,76 -> 423,66
470,135 -> 480,135
417,9 -> 428,9
346,145 -> 358,133
455,144 -> 455,141
422,282 -> 480,224
261,174 -> 261,280
357,319 -> 350,319
360,109 -> 339,130
275,214 -> 275,88
204,144 -> 231,144
457,194 -> 480,217
446,127 -> 413,127
194,204 -> 183,204
360,252 -> 360,264
156,176 -> 174,176
322,168 -> 277,168
379,57 -> 368,46
189,312 -> 189,283
318,132 -> 318,137
341,109 -> 359,91
344,319 -> 356,307
217,55 -> 194,32
274,86 -> 274,70
402,163 -> 402,212
184,247 -> 190,241
260,5 -> 246,5
354,232 -> 454,232
431,92 -> 434,92
473,206 -> 460,206
180,217 -> 178,217
175,91 -> 258,8
378,85 -> 348,55
351,117 -> 354,117
443,252 -> 443,266
166,298 -> 170,302
387,43 -> 392,43
231,272 -> 188,229
178,156 -> 163,171
420,161 -> 452,193
293,189 -> 309,189
424,36 -> 424,95
175,185 -> 167,177
363,41 -> 360,41
326,191 -> 313,178
378,181 -> 367,192
408,186 -> 439,186
476,212 -> 476,316
353,243 -> 308,243
282,49 -> 288,49
429,190 -> 440,201
467,119 -> 467,126
221,260 -> 174,213
386,19 -> 388,17
315,187 -> 320,187
194,269 -> 194,279
351,191 -> 340,180
325,14 -> 334,14
475,143 -> 480,148
206,259 -> 183,259
153,181 -> 159,181
154,230 -> 165,241
178,288 -> 178,292
287,70 -> 287,109
254,15 -> 254,19
348,80 -> 340,72
476,29 -> 408,97
454,136 -> 470,136
352,19 -> 367,4
206,178 -> 206,130
376,153 -> 376,164
305,163 -> 305,176
182,171 -> 186,175
220,26 -> 206,40
348,199 -> 321,226
451,195 -> 451,168
462,75 -> 462,152
179,228 -> 189,218
176,80 -> 176,52
141,269 -> 196,214
166,175 -> 186,175
475,204 -> 480,204
186,9 -> 180,3
314,194 -> 321,194
243,88 -> 243,105
206,76 -> 206,99
244,263 -> 176,263
337,227 -> 334,227
195,221 -> 195,219
471,120 -> 480,129
257,290 -> 246,290
276,122 -> 284,130
181,131 -> 190,140
423,74 -> 439,90
437,90 -> 406,121
185,49 -> 273,137
446,211 -> 446,178
196,324 -> 196,310
360,73 -> 369,64
214,164 -> 214,122
459,163 -> 480,184
320,176 -> 309,165
263,240 -> 263,252
389,104 -> 384,109
237,142 -> 211,168
274,152 -> 274,177
241,75 -> 182,134
460,179 -> 472,191
190,28 -> 171,47
160,223 -> 160,245
302,154 -> 294,146
270,148 -> 280,148
398,73 -> 371,46
237,31 -> 234,34
184,213 -> 228,213
283,27 -> 304,48
227,25 -> 227,16
344,283 -> 267,360
169,144 -> 223,198
351,184 -> 287,120
189,205 -> 189,186
212,274 -> 212,264
435,117 -> 480,117
399,209 -> 379,209
293,127 -> 307,113
298,212 -> 281,212
351,201 -> 401,201
332,126 -> 345,126
340,190 -> 340,245
216,68 -> 216,90
273,3 -> 270,0
151,230 -> 151,200
279,45 -> 257,45
320,34 -> 316,34
411,157 -> 424,144
468,90 -> 460,90
396,207 -> 396,193
269,87 -> 279,87
259,65 -> 259,53
373,35 -> 369,35
338,192 -> 327,181
396,94 -> 371,94
255,3 -> 278,26
437,211 -> 437,189
353,31 -> 344,40
434,27 -> 355,106
456,256 -> 446,246
329,22 -> 275,76
311,130 -> 285,130
477,182 -> 480,179
225,69 -> 248,46
244,167 -> 284,167
277,143 -> 218,202
150,247 -> 163,247
281,68 -> 281,127
248,17 -> 248,0
186,203 -> 186,193
171,196 -> 157,210
263,61 -> 289,61
324,61 -> 315,61
452,10 -> 442,0
456,77 -> 456,107
385,87 -> 376,87
263,82 -> 292,82
228,149 -> 235,142
290,236 -> 270,236
384,105 -> 331,105
421,266 -> 431,276
314,230 -> 331,230
334,157 -> 231,54
337,207 -> 337,222
361,193 -> 360,193
414,85 -> 420,79
290,95 -> 268,95
337,88 -> 337,81
157,237 -> 198,278
195,70 -> 173,70
252,173 -> 309,173
447,144 -> 429,126
323,170 -> 323,200
309,67 -> 306,70
238,91 -> 238,107
370,115 -> 378,115
356,34 -> 335,13
157,15 -> 149,15
430,210 -> 441,210
403,243 -> 393,233
436,122 -> 436,133
147,9 -> 170,32
332,59 -> 311,80
322,97 -> 283,136
345,128 -> 345,119
365,61 -> 371,61
204,125 -> 207,122
330,244 -> 322,236
322,144 -> 322,107
179,265 -> 199,265
331,159 -> 331,156
274,15 -> 274,12
242,82 -> 252,92
351,15 -> 339,27
388,27 -> 406,27
469,208 -> 469,214
142,46 -> 178,10
398,212 -> 455,155
421,93 -> 404,93
422,238 -> 480,238
468,317 -> 480,317
411,91 -> 397,77
364,25 -> 362,27
297,80 -> 311,80
226,86 -> 258,54
344,21 -> 349,16
151,241 -> 270,360
179,197 -> 179,222
224,297 -> 237,297
164,151 -> 230,85
446,125 -> 462,109
373,7 -> 380,0
153,227 -> 153,215
326,135 -> 334,135
457,116 -> 480,139
349,62 -> 309,62
312,92 -> 312,94
359,69 -> 351,61
325,53 -> 325,49
393,154 -> 269,30
358,135 -> 419,135
362,202 -> 378,202
201,200 -> 166,165
476,86 -> 436,86
224,167 -> 222,167
442,226 -> 437,226
362,93 -> 362,0
173,251 -> 173,272
163,4 -> 164,3
439,243 -> 401,243
272,255 -> 224,207
391,108 -> 386,113
230,220 -> 230,223
432,99 -> 446,99
230,260 -> 221,260
310,68 -> 310,75
334,78 -> 318,94
197,245 -> 197,246
381,49 -> 332,0
294,202 -> 287,209
384,117 -> 355,88
461,121 -> 480,140
428,134 -> 427,133
162,54 -> 293,185
256,63 -> 251,63
239,68 -> 234,68
359,239 -> 379,219
161,246 -> 152,246
474,119 -> 465,110
185,248 -> 208,248
313,51 -> 317,47
318,316 -> 284,282
265,176 -> 283,176
470,235 -> 478,243
346,45 -> 337,54
298,226 -> 298,148
365,4 -> 365,0
403,30 -> 433,0
167,9 -> 145,31
460,21 -> 460,0
389,31 -> 480,122
427,228 -> 478,228
470,90 -> 465,95
308,97 -> 341,64
160,168 -> 164,168
416,2 -> 414,0
270,221 -> 274,225
322,252 -> 322,238
184,224 -> 184,255
369,38 -> 369,47
281,13 -> 325,57
355,100 -> 355,73
449,258 -> 445,258
469,244 -> 457,232
374,51 -> 315,51
344,257 -> 344,274
269,189 -> 265,193
439,201 -> 464,201
246,121 -> 238,121
209,161 -> 251,119
179,176 -> 194,176
236,71 -> 238,71
203,278 -> 212,269
222,246 -> 214,246
463,232 -> 463,238
155,171 -> 155,199
448,95 -> 418,95
222,294 -> 228,294
349,145 -> 397,193
222,129 -> 249,102
278,151 -> 282,147
249,37 -> 246,37
396,102 -> 391,107
440,108 -> 440,101
406,203 -> 418,191
231,34 -> 237,40
329,46 -> 329,29
224,212 -> 229,217
442,279 -> 450,287
206,292 -> 161,292
173,229 -> 167,229
376,15 -> 374,13
433,120 -> 409,120
197,239 -> 193,243
220,128 -> 204,128
277,199 -> 280,199
462,253 -> 462,249
186,131 -> 208,109
277,40 -> 244,7
300,127 -> 299,126
263,5 -> 268,0
391,80 -> 391,72
304,122 -> 304,126
324,117 -> 324,122
310,32 -> 307,35
438,21 -> 341,21
152,190 -> 162,180
253,42 -> 220,9
256,108 -> 272,108
182,174 -> 203,153
196,222 -> 253,279
343,25 -> 318,0
209,93 -> 261,93
417,8 -> 425,0
181,223 -> 176,218
474,75 -> 361,75
313,79 -> 308,84
209,238 -> 212,241
427,179 -> 419,187
471,298 -> 480,289
333,261 -> 338,256
389,115 -> 461,115
427,192 -> 430,195
342,61 -> 291,61
217,215 -> 247,245
479,252 -> 474,247
426,8 -> 418,0
318,58 -> 376,0
321,246 -> 328,246
251,117 -> 251,97
184,58 -> 184,64
334,195 -> 328,195
445,173 -> 431,173
228,259 -> 249,238
247,225 -> 242,230
341,108 -> 386,108
398,29 -> 293,134
401,207 -> 401,228
284,156 -> 222,156
178,193 -> 178,153
297,31 -> 267,61
354,88 -> 347,81
193,222 -> 186,229
166,333 -> 176,323
200,227 -> 193,227
320,199 -> 302,199
426,237 -> 445,218
203,131 -> 201,133
249,80 -> 231,80
175,184 -> 151,160
368,223 -> 333,223
400,62 -> 412,74
383,37 -> 380,34
424,180 -> 438,166
406,100 -> 442,100
216,299 -> 269,246
339,67 -> 324,67
349,102 -> 321,74
207,120 -> 207,146
386,188 -> 422,152
276,229 -> 343,229
476,111 -> 478,111
466,85 -> 452,71
235,272 -> 246,283
201,128 -> 210,137
277,219 -> 277,228
245,146 -> 246,145
465,267 -> 480,267
304,151 -> 295,142
159,27 -> 152,20
162,301 -> 174,313
257,7 -> 264,0
314,80 -> 321,73
206,34 -> 200,40
428,40 -> 408,60
267,106 -> 245,128
279,151 -> 269,151
428,191 -> 420,199
414,126 -> 411,126
186,301 -> 181,301
333,118 -> 355,96
210,259 -> 216,253
343,61 -> 375,93
246,270 -> 238,262
228,227 -> 234,227
285,100 -> 281,100
252,249 -> 258,243
380,38 -> 380,81
181,51 -> 195,37
299,72 -> 299,78
232,117 -> 192,157
478,264 -> 458,244
167,209 -> 167,155
423,171 -> 439,171
389,87 -> 360,116
431,147 -> 440,138
218,219 -> 231,219
312,28 -> 308,24
294,220 -> 292,218
170,70 -> 176,70
179,300 -> 179,302
218,330 -> 261,287
445,177 -> 480,212
421,184 -> 403,184
264,253 -> 273,253
216,214 -> 299,297
307,1 -> 307,0
364,54 -> 369,59
327,194 -> 349,194
184,308 -> 184,316
368,49 -> 388,69
166,196 -> 162,200
344,220 -> 372,192
170,267 -> 156,253
320,180 -> 311,171
306,162 -> 325,143
434,132 -> 434,112
222,63 -> 247,63
424,114 -> 365,173
407,91 -> 442,91
306,74 -> 330,98
434,23 -> 389,68
279,157 -> 367,69
440,122 -> 455,122
231,132 -> 231,145
362,309 -> 362,315
353,30 -> 350,27
231,21 -> 231,72
433,166 -> 433,170
306,172 -> 297,172
272,100 -> 281,91
173,156 -> 173,186
415,99 -> 415,174
453,188 -> 453,165
410,196 -> 402,196
477,294 -> 480,294
335,184 -> 298,147
339,189 -> 339,178
456,207 -> 438,207
348,53 -> 355,53
405,42 -> 424,23
263,60 -> 267,60
183,229 -> 183,245
321,236 -> 321,232
206,62 -> 210,62
262,252 -> 267,257
210,197 -> 172,197
472,313 -> 480,313
201,217 -> 207,217
384,106 -> 356,134
404,101 -> 376,101
266,66 -> 280,80
394,31 -> 388,37
248,247 -> 205,290
256,84 -> 268,96
333,26 -> 343,16
442,213 -> 431,213
465,162 -> 461,162
157,236 -> 153,232
181,230 -> 181,252
441,73 -> 442,74
208,204 -> 204,208
280,201 -> 270,201
360,23 -> 352,23
238,88 -> 226,76
185,76 -> 185,10
191,324 -> 130,263
190,223 -> 213,246
375,193 -> 379,197
245,254 -> 224,275
440,126 -> 409,126
190,174 -> 190,231
318,99 -> 299,99
356,178 -> 402,132
180,64 -> 189,73
271,171 -> 268,171
459,185 -> 480,185
156,218 -> 156,211
305,215 -> 305,197
318,242 -> 318,207
469,110 -> 469,128
180,247 -> 220,287
177,123 -> 188,123
274,12 -> 278,8
421,203 -> 430,194
298,134 -> 378,54
251,170 -> 240,159
236,190 -> 222,190
422,239 -> 480,239
189,208 -> 212,208
364,26 -> 338,0
166,224 -> 158,216
212,288 -> 233,288
283,4 -> 279,8
435,193 -> 435,196
164,257 -> 211,257
368,172 -> 360,180
340,66 -> 269,137
329,215 -> 342,228
245,75 -> 249,71
192,73 -> 200,81
183,128 -> 210,101
448,227 -> 480,227
325,163 -> 251,237
253,134 -> 253,119
164,231 -> 173,231
282,118 -> 361,39
196,295 -> 196,306
183,43 -> 183,36
409,26 -> 409,31
466,29 -> 466,36
163,137 -> 232,206
371,71 -> 371,68
372,151 -> 417,106
452,111 -> 452,117
166,182 -> 235,182
186,95 -> 186,71
408,205 -> 417,196
210,169 -> 213,169
428,240 -> 425,240
215,216 -> 176,216
404,121 -> 378,121
243,19 -> 243,0
171,286 -> 156,271
196,122 -> 196,149
468,266 -> 468,259
176,232 -> 171,237
434,221 -> 442,213
413,102 -> 407,102
346,187 -> 368,209
265,183 -> 238,210
229,206 -> 229,200
368,89 -> 367,90
309,166 -> 309,179
238,116 -> 232,110
313,163 -> 311,163
204,19 -> 223,0
332,88 -> 337,93
207,287 -> 202,282
218,147 -> 218,178
237,85 -> 237,83
455,162 -> 453,164
417,201 -> 414,204
156,221 -> 184,193
160,24 -> 163,24
274,112 -> 274,132
170,269 -> 170,241
303,143 -> 286,160
469,243 -> 480,232
431,259 -> 450,259
165,234 -> 173,242
329,228 -> 331,228
179,2 -> 174,7
458,247 -> 458,251
166,268 -> 153,281
175,54 -> 184,63
205,119 -> 209,123
444,21 -> 444,0
197,315 -> 197,307
175,216 -> 175,252
341,309 -> 335,309
463,223 -> 447,207
279,197 -> 256,174
373,26 -> 373,24
292,80 -> 265,53
353,70 -> 324,99
181,266 -> 172,266
400,158 -> 400,188
358,209 -> 358,185
130,6 -> 198,6
413,152 -> 413,219
251,187 -> 254,187
376,16 -> 376,23
305,52 -> 305,71
415,59 -> 401,59
232,250 -> 229,253
465,302 -> 480,317
450,243 -> 452,245
174,310 -> 178,306
305,133 -> 302,136
350,328 -> 384,328
258,277 -> 241,260
206,199 -> 245,238
279,142 -> 316,105
391,83 -> 403,95
385,158 -> 385,186
405,211 -> 341,147
300,15 -> 290,5
357,202 -> 357,183
256,109 -> 256,124
367,33 -> 394,60
462,271 -> 461,272
476,147 -> 480,143
286,89 -> 292,83
414,146 -> 400,160
478,134 -> 474,134
200,282 -> 211,282
347,93 -> 351,89
328,227 -> 347,208
390,171 -> 462,99
319,19 -> 332,32
212,120 -> 211,119
162,202 -> 159,205
366,90 -> 359,90
425,259 -> 480,259
252,69 -> 252,49
170,208 -> 144,208
412,181 -> 399,181
470,103 -> 480,113
479,255 -> 475,259
261,72 -> 236,47
190,102 -> 190,137
318,59 -> 261,59
341,250 -> 396,195
356,8 -> 348,0
445,172 -> 425,192
199,125 -> 199,122
450,213 -> 450,175
402,161 -> 415,161
421,131 -> 421,178
193,44 -> 211,62
431,94 -> 431,76
399,203 -> 396,203
184,281 -> 149,281
424,264 -> 461,227
260,150 -> 267,143
407,193 -> 384,193
374,28 -> 304,98
291,213 -> 349,213
307,85 -> 302,90
219,272 -> 216,269
166,296 -> 166,280
226,31 -> 223,34
397,124 -> 392,119
296,81 -> 296,100
259,103 -> 262,100
278,193 -> 240,193
302,203 -> 299,203
164,168 -> 149,183
406,230 -> 424,248
424,181 -> 411,168
192,177 -> 141,177
466,304 -> 473,297
289,175 -> 295,169
224,258 -> 171,258
211,124 -> 211,134
328,288 -> 382,234
443,81 -> 436,74
466,82 -> 473,75
339,160 -> 433,66
153,36 -> 175,36
339,273 -> 339,247
287,260 -> 287,273
438,71 -> 480,113
408,150 -> 435,150
200,88 -> 200,90
456,162 -> 473,162
475,206 -> 469,200
186,23 -> 186,29
428,184 -> 445,167
357,238 -> 313,238
162,12 -> 174,24
239,14 -> 239,25
280,127 -> 280,140
262,51 -> 273,62
210,256 -> 180,256
197,233 -> 199,233
185,198 -> 185,220
319,55 -> 321,57
160,209 -> 160,186
348,193 -> 340,193
232,118 -> 328,118
192,234 -> 195,237
474,223 -> 480,229
256,262 -> 256,266
191,222 -> 191,216
271,86 -> 297,60
274,150 -> 313,150
469,299 -> 469,291
204,170 -> 239,170
355,46 -> 351,50
392,36 -> 392,17
401,170 -> 373,142
169,150 -> 171,150
351,186 -> 327,186
246,277 -> 246,288
401,59 -> 411,69
421,8 -> 413,0
240,124 -> 261,124
353,307 -> 353,338
154,260 -> 163,260
302,200 -> 302,187
234,75 -> 239,70
141,10 -> 134,17
454,83 -> 459,83
259,67 -> 259,81
448,152 -> 448,161
302,231 -> 274,203
178,17 -> 169,26
255,13 -> 255,26
278,92 -> 276,92
174,29 -> 180,35
212,208 -> 220,200
375,130 -> 416,130
272,101 -> 272,105
168,150 -> 168,171
329,272 -> 329,258
156,195 -> 167,184
268,241 -> 258,241
405,136 -> 441,100
201,293 -> 231,293
206,285 -> 212,291
409,61 -> 409,53
224,12 -> 205,12
230,306 -> 230,252
230,54 -> 233,51
442,46 -> 372,116
206,63 -> 189,63
407,147 -> 399,155
266,240 -> 266,213
361,54 -> 361,64
331,236 -> 339,244
239,189 -> 280,148
262,140 -> 264,138
390,81 -> 390,27
263,221 -> 263,203
219,162 -> 232,149
230,168 -> 223,175
461,36 -> 450,36
414,234 -> 414,248
331,134 -> 337,140
256,196 -> 274,214
191,28 -> 198,35
181,22 -> 189,22
242,36 -> 226,52
214,198 -> 211,198
223,284 -> 232,275
308,62 -> 335,89
271,170 -> 273,168
365,59 -> 372,52
238,187 -> 248,197
204,127 -> 208,131
464,276 -> 465,275
412,108 -> 385,81
166,7 -> 159,0
369,137 -> 371,135
260,72 -> 276,56
472,174 -> 480,174
327,16 -> 311,0
166,150 -> 166,161
212,304 -> 204,296
217,158 -> 154,221
364,27 -> 337,0
401,39 -> 440,0
189,64 -> 204,49
403,182 -> 403,146
178,211 -> 147,211
344,23 -> 359,8
250,128 -> 259,128
444,114 -> 480,78
467,211 -> 467,245
306,111 -> 305,110
424,254 -> 480,310
444,225 -> 448,229
411,159 -> 458,159
212,133 -> 217,133
329,279 -> 340,290
414,248 -> 409,253
202,270 -> 202,289
244,133 -> 223,112
395,141 -> 399,141
311,17 -> 312,16
477,265 -> 477,253
301,91 -> 301,114
174,283 -> 225,232
395,26 -> 389,20
234,14 -> 234,29
415,215 -> 415,238
453,288 -> 480,288
424,213 -> 417,220
224,40 -> 215,49
277,18 -> 277,0
244,91 -> 232,79
162,338 -> 207,293
254,212 -> 261,205
456,107 -> 456,139
158,152 -> 168,142
334,76 -> 334,74
185,251 -> 191,251
357,213 -> 364,220
290,14 -> 290,0
456,250 -> 463,250
276,77 -> 276,79
397,214 -> 379,214
413,244 -> 405,252
290,97 -> 342,45
418,170 -> 443,170
148,7 -> 148,21
370,179 -> 448,257
209,141 -> 199,141
215,57 -> 272,0
417,98 -> 417,124
366,191 -> 386,191
276,163 -> 271,168
370,2 -> 366,2
426,208 -> 426,195
203,268 -> 207,272
248,272 -> 256,264
187,166 -> 187,179
470,212 -> 443,212
474,151 -> 480,157
241,128 -> 250,119
167,152 -> 151,168
321,232 -> 388,165
412,193 -> 418,199
271,142 -> 248,142
455,157 -> 455,171
189,273 -> 189,266
227,194 -> 301,194
247,31 -> 205,31
247,263 -> 239,271
166,35 -> 170,39
227,83 -> 226,82
447,193 -> 450,190
469,242 -> 471,240
236,163 -> 197,202
473,247 -> 480,240
297,33 -> 299,33
260,179 -> 316,235
260,261 -> 247,248
250,3 -> 252,1
341,300 -> 337,296
273,56 -> 263,66
293,53 -> 280,66
198,242 -> 183,227
349,239 -> 349,180
296,5 -> 286,5
223,278 -> 180,278
282,216 -> 301,197
254,218 -> 223,187
235,8 -> 227,0
474,138 -> 453,159
278,4 -> 274,0
359,107 -> 412,54
197,92 -> 228,92
225,131 -> 214,142
301,46 -> 301,41
177,224 -> 145,192
183,14 -> 183,0
187,75 -> 206,56
244,8 -> 237,1
313,202 -> 313,200
253,198 -> 253,125
224,52 -> 248,52
196,58 -> 230,24
234,245 -> 255,245
163,179 -> 193,149
238,169 -> 244,163
380,144 -> 456,68
280,100 -> 251,129
178,328 -> 178,217
266,27 -> 275,36
195,115 -> 191,111
291,119 -> 267,143
391,235 -> 418,262
370,215 -> 372,217
154,248 -> 194,288
181,221 -> 184,218
204,102 -> 202,104
313,77 -> 322,68
229,225 -> 239,225
232,27 -> 228,23
460,248 -> 480,248
380,115 -> 372,107
167,47 -> 217,97
426,103 -> 404,103
228,47 -> 234,53
445,140 -> 445,197
450,97 -> 462,97
227,145 -> 217,135
203,232 -> 203,262
440,166 -> 445,166
422,74 -> 396,48
355,53 -> 368,53
321,101 -> 317,97
412,84 -> 387,109
270,46 -> 284,46
222,295 -> 250,267
470,289 -> 468,289
193,35 -> 193,31
236,135 -> 240,139
424,265 -> 413,276
374,29 -> 416,71
179,97 -> 168,108
387,44 -> 383,44
304,180 -> 276,152
245,145 -> 277,145
467,139 -> 466,138
306,55 -> 339,88
326,178 -> 339,191
359,62 -> 370,51
354,227 -> 354,265
251,178 -> 266,163
335,49 -> 418,132
268,206 -> 238,206
287,178 -> 314,178
220,247 -> 239,266
224,242 -> 199,267
154,229 -> 164,239
301,18 -> 319,0
235,274 -> 199,274
417,214 -> 411,220
186,165 -> 175,165
314,94 -> 315,93
428,42 -> 405,65
432,45 -> 425,38
361,89 -> 361,66
458,133 -> 480,155
217,140 -> 217,74
475,126 -> 472,129
239,9 -> 229,19
367,68 -> 389,90
464,237 -> 465,237
263,265 -> 248,280
357,126 -> 397,86
417,185 -> 407,185
440,262 -> 440,266
273,239 -> 288,224
413,45 -> 386,18
161,188 -> 172,188
250,117 -> 248,117
295,9 -> 295,6
228,124 -> 228,131
285,19 -> 320,19
158,259 -> 190,227
459,256 -> 458,257
261,26 -> 263,24
251,19 -> 251,12
161,271 -> 233,199
473,13 -> 480,13
421,213 -> 421,218
216,297 -> 251,262
345,75 -> 316,46
327,47 -> 345,29
240,159 -> 240,176
374,206 -> 374,228
236,122 -> 236,105
454,193 -> 456,191
353,306 -> 344,297
226,32 -> 236,32
457,269 -> 477,289
397,159 -> 415,141
454,80 -> 469,80
341,313 -> 354,300
414,129 -> 480,195
236,280 -> 244,272
154,39 -> 194,79
211,27 -> 211,31
419,102 -> 419,112
429,65 -> 425,69
287,39 -> 262,64
187,133 -> 224,133
254,46 -> 210,2
339,300 -> 361,322
395,78 -> 441,32
418,20 -> 398,0
186,40 -> 202,24
461,82 -> 470,82
444,211 -> 444,198
172,11 -> 172,31
176,206 -> 233,206
414,88 -> 416,90
367,88 -> 404,51
220,208 -> 276,264
390,225 -> 379,214
418,246 -> 423,241
256,197 -> 214,239
464,88 -> 477,101
446,216 -> 388,158
157,155 -> 159,155
289,3 -> 292,0
309,64 -> 219,64
377,219 -> 377,201
342,8 -> 334,0
53,75 -> 53,43
403,116 -> 414,116
190,172 -> 153,172
318,97 -> 282,133
375,112 -> 448,39
237,111 -> 244,111
312,58 -> 334,36
185,300 -> 186,300
187,307 -> 187,300
272,25 -> 272,0
388,210 -> 362,184
473,105 -> 473,102
271,218 -> 280,218
166,4 -> 153,17
170,312 -> 151,293
155,309 -> 155,278
321,45 -> 319,45
449,16 -> 449,2
213,119 -> 213,108
288,146 -> 281,146
472,175 -> 480,183
264,138 -> 226,138
317,25 -> 317,17
364,20 -> 396,20
240,10 -> 217,10
421,43 -> 421,80
440,275 -> 440,250
283,6 -> 333,56
468,10 -> 461,10
236,94 -> 226,84
277,259 -> 264,246
377,80 -> 385,72
421,269 -> 459,231
380,117 -> 297,117
463,134 -> 469,140
396,125 -> 415,144
255,32 -> 265,22
477,102 -> 455,80
235,231 -> 235,215
409,254 -> 417,262
174,62 -> 192,44
268,7 -> 314,53
382,189 -> 406,213
476,162 -> 479,165
311,16 -> 301,16
442,225 -> 480,263
436,14 -> 448,26
163,9 -> 283,9
408,160 -> 387,160
432,102 -> 432,106
395,106 -> 395,114
414,37 -> 407,44
384,72 -> 394,82
462,176 -> 462,229
465,115 -> 465,105
436,208 -> 389,161
162,164 -> 157,159
309,51 -> 272,88
370,3 -> 377,3
423,156 -> 436,143
171,79 -> 203,111
190,249 -> 193,249
232,79 -> 250,61
450,26 -> 440,26
271,228 -> 282,217
308,108 -> 324,124
436,89 -> 436,52
204,13 -> 204,32
167,155 -> 191,131
156,168 -> 187,199
214,82 -> 250,118
237,83 -> 255,65
203,207 -> 230,234
241,16 -> 199,16
170,28 -> 170,35
223,215 -> 229,221
328,217 -> 328,252
321,152 -> 304,152
342,246 -> 372,246
345,18 -> 336,27
218,256 -> 200,274
354,192 -> 354,190
348,4 -> 377,4
449,252 -> 480,252
445,104 -> 422,104
344,69 -> 360,69
327,132 -> 333,138
222,262 -> 272,212
239,264 -> 259,264
249,200 -> 224,200
397,86 -> 480,3
307,136 -> 311,140
279,86 -> 271,94
169,280 -> 203,314
245,45 -> 245,0
373,24 -> 355,6
410,18 -> 410,13
154,31 -> 169,31
463,11 -> 480,11
358,215 -> 335,215
268,43 -> 263,48
453,225 -> 463,235
457,230 -> 457,236
433,125 -> 433,145
372,70 -> 349,93
466,255 -> 466,219
230,108 -> 238,116
159,32 -> 122,69
224,53 -> 172,1
442,116 -> 428,116
301,207 -> 312,207
361,124 -> 340,124
452,77 -> 452,79
198,290 -> 198,198
310,39 -> 306,43
239,135 -> 239,149
371,55 -> 369,55
247,204 -> 263,220
206,114 -> 209,111
418,92 -> 400,92
347,46 -> 329,28
461,270 -> 480,289
250,8 -> 249,7
426,213 -> 480,159
252,71 -> 283,71
289,203 -> 257,235
181,77 -> 181,84
285,191 -> 304,210
342,48 -> 380,48
451,118 -> 425,118
455,243 -> 455,253
462,294 -> 480,312
273,223 -> 297,223
179,322 -> 150,351
180,169 -> 163,186
421,129 -> 415,129
283,160 -> 246,123
434,169 -> 429,169
411,4 -> 444,4
179,96 -> 177,98
307,87 -> 194,87
437,236 -> 480,279
397,122 -> 412,137
458,120 -> 480,142
207,295 -> 185,317
249,85 -> 273,109
354,267 -> 320,233
259,246 -> 259,266
463,126 -> 463,91
378,23 -> 372,29
301,17 -> 301,10
324,182 -> 324,201
476,25 -> 451,0
300,207 -> 288,207
248,104 -> 260,116
339,275 -> 375,275
164,145 -> 150,131
385,79 -> 375,89
314,95 -> 299,110
452,268 -> 480,296
381,5 -> 376,0
215,130 -> 208,123
381,246 -> 390,255
152,12 -> 185,45
219,116 -> 258,155
252,244 -> 286,244
162,236 -> 162,188
347,301 -> 339,309
360,77 -> 363,80
271,35 -> 324,88
424,168 -> 475,168
446,31 -> 459,31
291,232 -> 285,238
357,305 -> 348,296
342,92 -> 362,92
270,233 -> 245,258
308,36 -> 293,51
459,144 -> 422,144
227,140 -> 252,140
389,229 -> 390,229
237,271 -> 244,271
237,27 -> 237,13
227,29 -> 198,0
430,130 -> 430,158
223,105 -> 223,103
351,164 -> 366,149
193,14 -> 187,20
330,277 -> 350,277
226,78 -> 239,91
479,256 -> 468,256
355,270 -> 344,259
160,288 -> 174,288
397,13 -> 396,13
364,64 -> 372,64
344,172 -> 353,181
316,18 -> 306,18
245,116 -> 297,64
291,255 -> 360,255
468,213 -> 447,213
325,204 -> 328,204
429,158 -> 445,142
306,171 -> 298,171
453,40 -> 447,46
292,106 -> 312,106
446,2 -> 452,8
221,141 -> 128,48
224,159 -> 224,129
393,185 -> 401,177
466,199 -> 480,185
196,288 -> 189,295
441,209 -> 443,209
337,178 -> 291,178
230,135 -> 194,99
185,276 -> 158,303
323,112 -> 346,89
290,91 -> 281,100
243,169 -> 236,176
299,139 -> 263,103
323,1 -> 348,1
219,80 -> 219,93
209,154 -> 209,192
174,246 -> 139,211
232,197 -> 232,161
180,301 -> 153,274
474,14 -> 469,9
366,16 -> 382,0
250,244 -> 306,188
194,48 -> 187,48
242,260 -> 255,260
372,78 -> 381,78
156,244 -> 156,231
204,200 -> 204,273
298,133 -> 304,139
284,80 -> 278,80
251,175 -> 236,190
398,216 -> 381,216
421,89 -> 431,89
226,82 -> 308,0
354,31 -> 322,63
250,92 -> 242,84
364,164 -> 351,177
276,114 -> 276,110
194,294 -> 183,283
144,239 -> 212,171
278,126 -> 278,112
359,65 -> 325,65
287,228 -> 266,207
272,67 -> 286,67
439,41 -> 439,37
305,13 -> 292,0
268,151 -> 268,141
225,214 -> 214,225
221,281 -> 200,260
183,85 -> 231,133
442,81 -> 336,81
150,262 -> 180,292
206,27 -> 206,0
314,23 -> 337,0
262,223 -> 276,237
276,79 -> 267,88
262,110 -> 235,137
263,195 -> 273,195
394,62 -> 402,54
290,127 -> 257,127
219,15 -> 210,15
455,267 -> 469,253
181,199 -> 181,206
356,115 -> 350,115
430,286 -> 398,286
399,33 -> 399,24
366,44 -> 358,52
309,212 -> 325,196
479,132 -> 460,113
252,258 -> 230,258
345,224 -> 352,217
436,201 -> 477,160
369,218 -> 369,196
412,114 -> 368,70
416,117 -> 460,161
345,17 -> 284,78
398,5 -> 387,5
274,111 -> 264,111
321,8 -> 329,0
401,112 -> 401,55
445,103 -> 460,118
179,7 -> 177,9
255,272 -> 249,272
478,241 -> 472,241
431,165 -> 431,188
364,136 -> 399,101
293,132 -> 306,132
235,125 -> 235,87
246,187 -> 209,187
202,78 -> 186,62
258,172 -> 258,156
424,220 -> 419,225
278,171 -> 265,184
268,85 -> 273,80
437,217 -> 437,228
231,94 -> 225,94
368,240 -> 362,246
225,129 -> 216,120
250,211 -> 261,222
187,77 -> 187,59
248,77 -> 275,104
220,51 -> 169,0
443,276 -> 420,253
281,177 -> 277,181
215,264 -> 215,257
250,252 -> 244,246
384,166 -> 312,94
233,57 -> 242,48
196,75 -> 209,88
414,6 -> 420,0
222,149 -> 222,170
286,92 -> 286,61
200,285 -> 268,285
474,87 -> 410,87
261,147 -> 270,147
399,5 -> 394,0
425,244 -> 438,231
195,288 -> 166,288
375,59 -> 365,59
188,215 -> 188,225
241,51 -> 253,51
351,50 -> 364,37
355,55 -> 346,55
318,137 -> 318,154
321,123 -> 379,123
345,109 -> 345,112
189,21 -> 206,38
240,83 -> 240,62
405,215 -> 408,218
226,26 -> 226,36
351,261 -> 351,219
250,188 -> 244,182
237,232 -> 252,247
216,28 -> 239,51
342,289 -> 327,304
222,214 -> 222,224
188,66 -> 175,53
50,95 -> 104,41
248,139 -> 271,139
358,240 -> 358,253
153,184 -> 153,209
372,52 -> 361,52
304,139 -> 304,149
371,101 -> 371,113
281,141 -> 283,143
428,187 -> 340,275
215,157 -> 222,164
417,206 -> 469,206
181,285 -> 181,308
239,120 -> 301,120
442,242 -> 397,242
199,276 -> 199,261
309,155 -> 307,155
171,150 -> 171,177
321,153 -> 302,134
389,228 -> 357,260
194,92 -> 208,78
180,31 -> 211,0
311,201 -> 299,201
217,22 -> 270,75
227,109 -> 220,116
435,120 -> 437,122
454,180 -> 454,161
240,224 -> 212,252
331,187 -> 342,187
411,227 -> 412,226
247,209 -> 259,197
303,190 -> 303,201
468,103 -> 457,92
330,64 -> 330,49
391,218 -> 363,190
178,12 -> 178,0
330,211 -> 315,211
422,210 -> 420,212
212,211 -> 185,211
453,23 -> 453,10
201,70 -> 264,133
477,177 -> 439,139
244,172 -> 232,172
177,221 -> 172,216
234,41 -> 227,34
287,33 -> 274,46
442,186 -> 436,192
210,46 -> 210,13
305,194 -> 305,185
200,84 -> 200,55
182,59 -> 198,59
465,21 -> 468,18
357,15 -> 351,21
219,34 -> 219,37
280,94 -> 298,76
465,166 -> 465,135
229,69 -> 236,69
450,274 -> 450,268
358,316 -> 328,286
209,153 -> 207,151
447,99 -> 468,99
360,27 -> 352,35
346,82 -> 335,82
295,47 -> 295,11
412,226 -> 421,226
170,151 -> 147,174
392,229 -> 413,229
356,190 -> 308,190
379,119 -> 400,140
342,121 -> 342,111
440,241 -> 417,264
238,284 -> 252,270
189,266 -> 158,297
288,37 -> 314,37
369,142 -> 316,89
179,42 -> 175,46
472,32 -> 440,0
165,67 -> 310,67
246,22 -> 265,41
374,91 -> 395,91
329,146 -> 294,111
245,166 -> 245,161
381,178 -> 370,178
246,129 -> 262,145
377,86 -> 316,147
396,223 -> 383,236
468,234 -> 454,220
197,101 -> 181,101
409,109 -> 393,125
248,195 -> 224,195
410,222 -> 480,152
197,246 -> 175,246
182,330 -> 182,319
281,43 -> 314,76
248,50 -> 248,0
358,11 -> 347,0
281,212 -> 272,221
300,144 -> 316,160
373,83 -> 362,83
470,136 -> 466,140
229,137 -> 349,257
408,209 -> 412,205
243,250 -> 233,260
441,143 -> 447,137
408,64 -> 408,11
337,46 -> 337,44
228,208 -> 211,208
236,289 -> 195,248
162,162 -> 145,145
158,251 -> 239,332
450,131 -> 480,161
380,106 -> 342,68
471,285 -> 459,273
322,47 -> 303,28
365,28 -> 270,28
341,83 -> 328,96
152,265 -> 162,275
401,230 -> 413,242
171,210 -> 171,221
306,191 -> 338,223
435,3 -> 416,3
289,221 -> 251,259
387,164 -> 387,70
387,66 -> 387,83
397,165 -> 415,165
248,257 -> 228,257
249,40 -> 266,40
396,99 -> 389,99
163,232 -> 149,232
339,27 -> 343,31
268,37 -> 268,25
443,73 -> 441,75
197,234 -> 185,246
352,13 -> 352,0
372,64 -> 404,32
305,185 -> 289,169
183,184 -> 183,196
206,203 -> 206,179
359,221 -> 359,237
185,269 -> 204,250
196,37 -> 199,37
452,79 -> 437,94
381,127 -> 381,138
371,57 -> 321,7
467,177 -> 480,190
195,231 -> 195,238
471,82 -> 480,82
239,246 -> 175,310
276,108 -> 283,108
338,127 -> 338,158
228,244 -> 228,289
200,305 -> 196,301
422,284 -> 480,226
171,28 -> 143,0
299,99 -> 299,96
469,77 -> 461,77
229,238 -> 229,270
232,30 -> 251,11
356,231 -> 378,253
449,123 -> 480,123
459,246 -> 465,246
40,269 -> 40,235
422,73 -> 404,91
198,148 -> 198,133
179,324 -> 156,347
473,167 -> 473,101
203,122 -> 203,106
223,119 -> 222,120
351,66 -> 280,137
324,224 -> 320,220
303,175 -> 310,175
329,258 -> 338,258
420,175 -> 410,175
339,70 -> 339,84
315,177 -> 283,177
468,241 -> 405,304
305,84 -> 293,96
439,129 -> 471,97
230,14 -> 266,14
407,151 -> 418,162
428,37 -> 480,37
183,269 -> 183,231
417,205 -> 428,194
290,53 -> 286,53
437,130 -> 431,136
209,35 -> 209,60
346,204 -> 384,204
452,246 -> 452,240
299,62 -> 305,68
399,235 -> 341,177
436,108 -> 428,108
322,23 -> 313,14
285,129 -> 291,135
180,105 -> 168,117
227,142 -> 248,142
464,300 -> 480,284
469,85 -> 469,76
180,24 -> 191,13
264,19 -> 260,23
341,11 -> 343,9
223,107 -> 223,97
273,116 -> 273,128
169,43 -> 169,85
297,126 -> 297,142
374,124 -> 374,119
273,5 -> 273,28
340,43 -> 331,34
200,268 -> 172,268
179,128 -> 216,165
155,150 -> 210,205
249,119 -> 253,119
377,42 -> 377,16
430,28 -> 419,28
461,209 -> 461,232
278,80 -> 291,93
185,169 -> 269,253
338,327 -> 338,275
335,309 -> 335,286
403,133 -> 357,179
183,115 -> 183,185
405,53 -> 297,161
432,125 -> 424,117
324,59 -> 319,54
20,33 -> 14,27
343,167 -> 343,156
299,26 -> 273,0
193,242 -> 193,247
228,19 -> 233,19
265,239 -> 257,231
450,53 -> 424,27
167,248 -> 166,248
190,83 -> 157,50
426,177 -> 442,161
422,6 -> 453,6
449,100 -> 449,86
247,267 -> 204,224
27,323 -> 54,350
315,139 -> 339,115
196,326 -> 188,318
407,148 -> 386,127
284,193 -> 282,191
451,162 -> 442,162
296,158 -> 296,197
259,18 -> 266,18
468,132 -> 471,135
255,92 -> 255,129
178,49 -> 199,70
258,121 -> 261,121
410,172 -> 395,172
287,230 -> 277,240
168,309 -> 182,295
133,17 -> 150,0
244,48 -> 306,48
462,235 -> 462,186
335,267 -> 335,251
220,41 -> 220,58
224,44 -> 224,33
405,73 -> 423,91
176,219 -> 176,260
257,66 -> 257,13
334,80 -> 382,80
357,209 -> 352,209
461,115 -> 461,111
239,66 -> 271,66
276,56 -> 276,7
360,120 -> 360,126
302,223 -> 302,112
471,284 -> 471,263
324,172 -> 314,162
343,303 -> 343,310
322,44 -> 404,44
218,237 -> 231,224
198,311 -> 157,270
298,69 -> 303,74
393,175 -> 446,122
368,257 -> 361,257
422,34 -> 416,28
416,119 -> 431,134
146,179 -> 171,154
169,210 -> 161,202
387,167 -> 368,186
217,254 -> 225,246
222,105 -> 222,111
221,271 -> 196,296
155,161 -> 165,151
235,12 -> 235,20
234,220 -> 234,243
430,199 -> 424,193
201,29 -> 216,44
471,219 -> 447,195
409,72 -> 385,72
443,185 -> 443,164
395,58 -> 395,33
163,38 -> 178,23
314,70 -> 276,108
385,145 -> 378,152
404,171 -> 405,170
471,109 -> 480,118
404,26 -> 404,22
465,92 -> 422,92
215,104 -> 168,57
185,173 -> 155,203
337,329 -> 337,200
465,237 -> 465,227
193,277 -> 125,345
399,150 -> 392,150
204,317 -> 212,309
285,11 -> 279,5
265,39 -> 231,5
450,125 -> 452,125
271,121 -> 197,195
184,81 -> 208,105
431,263 -> 473,305
316,225 -> 316,218
184,192 -> 171,192
398,231 -> 398,239
237,163 -> 237,179
346,297 -> 434,209
355,134 -> 344,123
207,315 -> 186,294
288,221 -> 288,215
307,43 -> 302,38
250,146 -> 241,146
273,169 -> 278,169
330,42 -> 330,37
192,7 -> 207,22
377,13 -> 388,13
231,158 -> 209,180
203,273 -> 209,267
272,126 -> 227,171
457,54 -> 457,102
413,133 -> 438,158
359,139 -> 359,168
382,248 -> 282,148
415,26 -> 402,13
203,305 -> 209,311
430,252 -> 414,268
328,3 -> 348,3
220,17 -> 220,0
210,219 -> 153,276
186,16 -> 202,0
172,35 -> 207,0
361,238 -> 339,260
474,279 -> 480,279
384,51 -> 384,0
314,188 -> 413,188
423,67 -> 436,54
228,233 -> 179,184
319,50 -> 319,45
234,246 -> 234,251
259,218 -> 305,172
301,277 -> 320,258
205,135 -> 205,121
275,41 -> 255,41
342,83 -> 271,154
422,27 -> 422,37
317,303 -> 259,245
156,147 -> 169,147
398,80 -> 389,89
421,209 -> 409,197
374,194 -> 357,211
378,1 -> 377,0
355,307 -> 367,295
340,316 -> 328,304
258,146 -> 258,122
449,280 -> 470,259
174,38 -> 174,74
467,24 -> 480,37
359,94 -> 364,99
153,233 -> 151,235
151,306 -> 175,330
438,181 -> 432,175
304,169 -> 325,148
159,229 -> 184,204
345,130 -> 394,81
156,164 -> 156,236
225,175 -> 162,238
182,57 -> 161,57
417,89 -> 423,89
299,29 -> 299,113
291,4 -> 306,4
399,127 -> 388,116
379,9 -> 379,6
218,185 -> 213,190
436,240 -> 436,229
247,54 -> 338,54
284,60 -> 284,79
469,104 -> 439,134
351,116 -> 339,104
479,67 -> 457,89
449,20 -> 469,0
251,273 -> 226,298
233,245 -> 133,345
350,71 -> 345,66
283,26 -> 245,64
397,46 -> 372,71
435,199 -> 410,224
364,167 -> 339,192
351,104 -> 332,104
269,116 -> 193,192
202,41 -> 202,32
463,130 -> 474,130
282,112 -> 294,100
410,173 -> 430,193
151,342 -> 151,318
201,241 -> 201,231
206,322 -> 208,320
282,234 -> 282,241
328,204 -> 216,316
384,171 -> 384,228
334,38 -> 334,34
267,91 -> 236,122
254,217 -> 244,227
183,199 -> 263,119
414,41 -> 422,49
239,220 -> 235,224
343,114 -> 309,80
205,109 -> 211,103
464,169 -> 433,138
474,126 -> 480,132
277,203 -> 300,180
185,114 -> 156,143
380,219 -> 452,291
298,66 -> 267,97
356,291 -> 363,298
218,268 -> 232,282
422,178 -> 422,161
310,189 -> 310,197
472,143 -> 462,153
290,83 -> 290,42
368,127 -> 280,39
434,70 -> 427,77
335,314 -> 335,333
468,153 -> 480,165
188,40 -> 192,36
283,260 -> 303,240
330,233 -> 333,236
410,129 -> 436,155
339,29 -> 339,73
243,148 -> 243,139
301,41 -> 301,0
254,27 -> 245,18
230,96 -> 255,71
197,261 -> 197,272
186,138 -> 245,197
183,299 -> 183,285
262,190 -> 246,190
432,149 -> 451,149
219,255 -> 229,245
149,216 -> 149,192
343,22 -> 339,26
479,273 -> 460,292
265,38 -> 252,51
192,31 -> 170,53
353,2 -> 416,2
470,121 -> 480,121
365,109 -> 401,73
204,45 -> 209,50
457,118 -> 480,118
398,117 -> 418,117
184,193 -> 235,244
440,171 -> 440,150
422,79 -> 480,79
368,12 -> 368,23
216,112 -> 216,122
435,142 -> 431,142
273,168 -> 264,159
316,10 -> 307,1
479,318 -> 479,337
377,12 -> 370,19
400,53 -> 377,76
282,57 -> 291,57
325,101 -> 322,98
255,228 -> 255,199
406,238 -> 413,245
287,185 -> 287,150
305,74 -> 301,70
432,251 -> 432,222
352,43 -> 396,87
385,67 -> 382,67
372,213 -> 372,239
214,79 -> 214,110
290,192 -> 215,267
451,111 -> 474,111
404,63 -> 414,73
209,33 -> 195,47
285,238 -> 285,218
436,110 -> 466,110
261,5 -> 278,22
450,94 -> 456,88
170,65 -> 146,41
416,65 -> 402,65
180,26 -> 225,26
402,108 -> 402,89
213,94 -> 184,123
283,128 -> 232,128
434,191 -> 434,203
293,200 -> 301,192
424,121 -> 405,121
154,270 -> 154,241
390,287 -> 322,219
349,161 -> 321,133
373,43 -> 399,69
400,17 -> 388,5
386,92 -> 358,120
212,222 -> 243,253
457,209 -> 480,209
477,142 -> 444,142
466,138 -> 466,140
442,185 -> 432,185
333,223 -> 333,178
332,287 -> 332,334
314,127 -> 322,135
196,12 -> 196,7
418,17 -> 421,14
413,234 -> 413,264
176,338 -> 203,311
360,30 -> 313,30
303,8 -> 311,0
399,126 -> 399,6
217,207 -> 217,205
403,123 -> 365,85
170,146 -> 254,62
298,111 -> 317,111
318,106 -> 311,99
218,134 -> 197,113
238,189 -> 238,167
242,256 -> 220,234
389,197 -> 389,193
321,183 -> 298,183
322,232 -> 328,238
284,172 -> 311,172
378,179 -> 448,179
206,237 -> 162,237
374,47 -> 365,38
179,47 -> 179,64
217,224 -> 189,224
293,27 -> 293,5
317,133 -> 324,126
175,27 -> 175,1
236,91 -> 245,91
316,162 -> 316,180
192,64 -> 150,22
127,16 -> 108,16
349,54 -> 349,90
235,179 -> 225,179
155,219 -> 155,177
248,198 -> 218,228
157,243 -> 178,243
282,132 -> 242,172
324,138 -> 324,117
186,247 -> 186,312
281,217 -> 215,217
139,23 -> 154,23
183,198 -> 177,192
176,16 -> 192,32
253,30 -> 268,30
158,19 -> 154,15
239,76 -> 227,76
465,135 -> 465,129
418,279 -> 418,258
474,198 -> 468,198
412,168 -> 393,168
355,31 -> 344,42
294,110 -> 285,119
297,43 -> 312,28
249,211 -> 234,196
248,251 -> 240,251
179,184 -> 133,230
273,195 -> 282,186
259,129 -> 267,121
306,156 -> 279,183
192,219 -> 195,222
207,29 -> 196,18
376,23 -> 361,8
311,115 -> 297,101
442,196 -> 432,206
234,108 -> 220,122
290,240 -> 290,197
304,114 -> 339,114
200,35 -> 200,87
256,130 -> 263,123
242,23 -> 303,84
356,285 -> 356,273
247,298 -> 251,294
201,159 -> 201,153
345,294 -> 358,307
275,15 -> 302,15
180,7 -> 180,0
199,122 -> 186,135
169,163 -> 184,148
422,223 -> 414,223
167,295 -> 346,116
240,248 -> 246,242
283,84 -> 271,72
434,152 -> 480,106
293,211 -> 285,211
448,179 -> 459,190
212,84 -> 203,75
306,49 -> 355,0
198,99 -> 181,82
282,6 -> 282,0
468,301 -> 468,282
348,41 -> 321,14
187,109 -> 230,109
405,30 -> 417,18
267,21 -> 275,29
149,25 -> 174,50
405,143 -> 461,199
304,30 -> 313,30
405,240 -> 463,240
159,289 -> 210,340
209,32 -> 195,46
183,208 -> 174,217
200,317 -> 185,317
242,59 -> 258,59
336,60 -> 353,60
416,211 -> 406,201
436,30 -> 466,0
152,221 -> 196,177
345,220 -> 421,220
294,39 -> 312,57
388,40 -> 388,15
363,230 -> 391,202
169,159 -> 178,150
475,254 -> 463,254
273,105 -> 176,202
306,66 -> 295,77
419,161 -> 393,135
249,116 -> 265,100
231,188 -> 222,188
358,144 -> 387,115
291,89 -> 362,18
404,197 -> 417,210
409,6 -> 450,47
338,100 -> 363,100
441,262 -> 450,271
205,222 -> 185,242
176,117 -> 206,147
212,75 -> 222,65
418,46 -> 355,46
172,1 -> 98,75
394,7 -> 394,0
367,102 -> 361,96
333,18 -> 333,15
252,166 -> 281,166
185,84 -> 180,89
389,34 -> 408,34
356,43 -> 323,76
379,154 -> 410,185
416,128 -> 440,152
474,186 -> 480,192
191,251 -> 191,247
374,244 -> 356,262
479,60 -> 448,91
459,216 -> 480,216
422,148 -> 425,151
260,55 -> 291,55
388,12 -> 388,0
449,234 -> 448,233
402,224 -> 402,222
378,35 -> 371,42
330,17 -> 320,17
191,139 -> 215,163
478,169 -> 461,186
316,92 -> 315,93
448,251 -> 458,241
453,102 -> 441,114
164,239 -> 164,249
188,245 -> 222,279
335,247 -> 348,234
294,128 -> 308,128
330,256 -> 280,256
234,152 -> 234,163
149,225 -> 223,299
262,208 -> 329,141
300,35 -> 300,58
304,38 -> 242,100
452,230 -> 439,243
229,20 -> 203,46
367,122 -> 383,138
276,170 -> 302,196
447,131 -> 479,163
440,148 -> 451,159
313,171 -> 211,69
342,46 -> 289,99
478,284 -> 478,223
369,245 -> 335,245
376,227 -> 376,201
472,226 -> 452,246
327,92 -> 235,0
455,43 -> 440,43
184,261 -> 171,261
169,215 -> 191,237
175,73 -> 175,53
255,287 -> 255,246
383,187 -> 383,245
368,192 -> 359,192
316,96 -> 316,73
212,49 -> 242,49
329,251 -> 329,223
311,172 -> 311,156
225,43 -> 271,43
378,180 -> 347,211
300,90 -> 327,63
244,23 -> 262,5
262,275 -> 262,221
290,186 -> 290,168
254,251 -> 254,278
253,33 -> 286,0
404,37 -> 404,17
434,215 -> 409,190
346,244 -> 357,255
158,159 -> 174,159
256,107 -> 226,77
345,293 -> 349,293
308,78 -> 339,47
247,75 -> 228,94
345,112 -> 334,112
324,201 -> 320,201
199,10 -> 209,20
468,191 -> 433,156
329,151 -> 347,133
410,227 -> 480,297
433,2 -> 355,80
364,221 -> 364,251
443,105 -> 457,105
419,192 -> 416,189
183,107 -> 217,141
464,113 -> 422,71
420,228 -> 415,223
314,200 -> 297,200
467,156 -> 424,199
474,274 -> 480,268
418,237 -> 406,225
367,178 -> 367,188
229,189 -> 229,123
231,193 -> 235,193
227,178 -> 249,156
309,189 -> 345,225
327,181 -> 339,181
165,170 -> 234,101
213,190 -> 213,147
222,36 -> 222,140
269,77 -> 281,89
325,182 -> 356,151
198,76 -> 136,138
201,73 -> 306,73
150,18 -> 236,18
153,238 -> 170,255
359,168 -> 330,139
453,163 -> 440,150
421,249 -> 421,225
191,227 -> 211,207
442,71 -> 455,84
452,124 -> 452,145
418,158 -> 465,205
280,210 -> 280,119
182,297 -> 157,297
446,82 -> 446,64
199,287 -> 129,357
402,78 -> 402,55
193,115 -> 193,104
226,108 -> 226,105
218,283 -> 203,298
46,157 -> 46,94
192,241 -> 258,241
212,252 -> 212,274
197,96 -> 204,103
174,176 -> 267,83
305,7 -> 305,74
201,246 -> 223,268
348,99 -> 335,86
443,270 -> 465,248
186,100 -> 211,125
205,264 -> 148,207
243,109 -> 222,130
219,148 -> 237,148
283,103 -> 283,87
314,128 -> 291,151
333,164 -> 317,164
285,257 -> 166,257
200,231 -> 215,231
276,196 -> 276,258
414,206 -> 414,203
399,190 -> 399,171
171,55 -> 186,55
334,279 -> 334,219
356,200 -> 335,200
330,300 -> 330,349
460,158 -> 480,138
416,28 -> 431,13
355,1 -> 314,42
203,85 -> 239,85
260,20 -> 260,82
473,255 -> 480,248
282,214 -> 285,214
264,190 -> 264,199
411,49 -> 432,49
179,13 -> 169,13
373,112 -> 373,140
326,78 -> 293,78
281,10 -> 365,10
465,293 -> 465,235
456,32 -> 456,16
211,192 -> 211,117
463,281 -> 338,156
438,269 -> 438,285
306,212 -> 239,145
212,148 -> 212,143
357,149 -> 349,157
459,237 -> 459,230
341,129 -> 344,126
333,323 -> 343,313
455,121 -> 443,133
378,134 -> 364,148
313,161 -> 344,192
350,224 -> 350,217
471,319 -> 471,301
455,305 -> 480,305
283,86 -> 322,47
194,228 -> 154,228
391,181 -> 391,196
435,256 -> 427,248
444,50 -> 460,34
463,214 -> 431,182
212,86 -> 194,68
258,61 -> 254,61
386,153 -> 386,143
339,171 -> 339,126
291,12 -> 258,45
404,189 -> 480,189
328,7 -> 321,0
245,259 -> 221,283
375,247 -> 359,263
221,223 -> 184,260
180,118 -> 217,118
163,16 -> 163,0
345,34 -> 311,0
355,166 -> 355,133
279,38 -> 279,0
292,2 -> 316,2
353,20 -> 337,20
467,28 -> 462,33
139,270 -> 172,303
305,107 -> 349,151
348,15 -> 333,0
267,51 -> 290,28
149,59 -> 171,59
381,34 -> 381,17
404,111 -> 404,103
428,149 -> 480,149
357,9 -> 323,43
426,261 -> 444,261
330,254 -> 426,158
290,144 -> 296,150
321,180 -> 278,223
251,55 -> 251,35
294,65 -> 265,94
368,23 -> 368,33
215,162 -> 179,126
223,74 -> 256,74
317,17 -> 317,3
448,78 -> 464,78
225,13 -> 218,6
235,180 -> 235,159
282,147 -> 277,152
368,299 -> 327,340
184,220 -> 88,316
138,34 -> 158,34
157,198 -> 132,223
427,64 -> 398,64
463,154 -> 459,150
170,226 -> 170,187
345,233 -> 324,254
459,81 -> 480,81
308,195 -> 264,239
377,128 -> 454,205
426,169 -> 403,169
294,109 -> 298,105
233,181 -> 233,189
175,75 -> 237,75
179,12 -> 179,36
190,140 -> 202,152
453,88 -> 426,61
207,105 -> 207,170
173,329 -> 158,314
156,321 -> 186,351
177,104 -> 177,81
314,67 -> 331,50
210,240 -> 182,240
263,126 -> 263,60
391,69 -> 404,82
256,22 -> 256,9
464,137 -> 472,137
323,222 -> 311,210
417,5 -> 412,0
181,36 -> 190,27
322,13 -> 315,20
393,206 -> 393,219
265,260 -> 246,279
251,255 -> 266,255
455,9 -> 455,93
216,197 -> 220,193
478,69 -> 469,78
354,111 -> 354,117
246,33 -> 246,36
259,81 -> 259,110
245,152 -> 221,128
400,41 -> 359,0
126,151 -> 201,226
234,79 -> 173,140
196,7 -> 189,0
451,83 -> 430,62
220,268 -> 205,283
417,33 -> 426,24
309,115 -> 327,97
370,67 -> 370,97
158,264 -> 183,239
387,218 -> 480,311
425,153 -> 425,145
213,90 -> 213,168
340,49 -> 340,69
192,138 -> 192,53
226,193 -> 212,193
154,206 -> 154,197
450,242 -> 426,266
153,296 -> 170,296
337,59 -> 371,93
471,16 -> 464,9
157,160 -> 181,184
414,208 -> 442,208
474,103 -> 474,90
380,93 -> 414,59
346,93 -> 307,93
379,12 -> 392,25
401,243 -> 455,189
331,126 -> 313,126
388,15 -> 403,0
445,234 -> 445,216
288,171 -> 208,91
454,139 -> 480,113
317,129 -> 317,86
458,41 -> 434,65
306,101 -> 306,85
212,143 -> 212,119
231,221 -> 244,221
267,258 -> 317,208
328,308 -> 345,325
348,125 -> 371,102
437,249 -> 437,170
443,147 -> 430,147
248,57 -> 259,57
466,16 -> 480,2
319,147 -> 294,122
343,9 -> 354,9
341,248 -> 341,198
427,50 -> 427,153
252,197 -> 177,272
347,251 -> 347,316
312,202 -> 312,209
360,126 -> 329,126
221,200 -> 238,217
426,24 -> 385,24
412,74 -> 477,74
223,24 -> 223,0
351,87 -> 314,124
188,336 -> 171,319
282,191 -> 279,188
400,93 -> 400,65
315,170 -> 315,163
282,81 -> 255,81
325,29 -> 334,20
291,133 -> 325,133
395,163 -> 420,188
135,271 -> 195,211
442,125 -> 421,146
381,120 -> 408,147
286,53 -> 277,53
323,48 -> 323,153
181,178 -> 181,196
470,144 -> 458,132
313,91 -> 204,200
261,155 -> 280,136
342,73 -> 424,73
289,179 -> 289,169
321,194 -> 394,194
274,56 -> 292,38
402,5 -> 424,27
358,276 -> 358,315
250,45 -> 274,69
295,211 -> 291,215
246,81 -> 246,0
350,290 -> 350,293
268,113 -> 268,106
258,59 -> 258,87
282,161 -> 250,193
168,308 -> 149,327
175,158 -> 184,149
361,208 -> 368,215
256,68 -> 281,43
263,259 -> 263,251
309,191 -> 399,281
172,154 -> 199,154
181,7 -> 208,34
209,198 -> 235,224
214,177 -> 214,168
427,280 -> 443,280
247,40 -> 207,0
445,197 -> 445,216
469,176 -> 469,262
273,109 -> 273,16
320,192 -> 396,192
189,49 -> 189,38
374,119 -> 407,152
440,124 -> 448,124
250,291 -> 231,272
396,83 -> 384,95
235,61 -> 258,61
397,230 -> 408,219
410,153 -> 418,161
440,231 -> 440,133
258,31 -> 258,0
432,278 -> 438,278
470,119 -> 470,45
154,207 -> 186,239
233,223 -> 255,245
217,228 -> 225,236
432,195 -> 451,195
347,97 -> 300,50
461,170 -> 420,129
312,85 -> 332,85
332,40 -> 387,40
203,153 -> 203,238
160,153 -> 186,127
230,212 -> 204,212
211,259 -> 211,294
245,95 -> 240,95
430,178 -> 430,189
462,29 -> 462,48
304,75 -> 291,75
167,267 -> 180,280
200,90 -> 261,90
367,17 -> 384,0
334,202 -> 348,216
190,276 -> 133,333
447,143 -> 420,116
452,191 -> 439,204
208,51 -> 234,77
237,184 -> 237,118
440,38 -> 473,38
355,295 -> 351,291
350,154 -> 303,107
189,8 -> 189,0
315,220 -> 315,189
317,164 -> 317,24
226,254 -> 277,254
386,110 -> 427,151
406,85 -> 406,144
231,192 -> 250,192
363,138 -> 384,138
268,172 -> 234,172
419,185 -> 419,170
391,71 -> 319,143
162,179 -> 175,179
290,41 -> 341,92
468,199 -> 480,187
337,2 -> 354,2
441,28 -> 425,44
413,94 -> 413,84
357,289 -> 347,279
459,273 -> 456,270
332,112 -> 332,139
342,185 -> 360,185
392,207 -> 426,241
469,155 -> 469,146
164,333 -> 218,279
358,120 -> 358,0
362,119 -> 424,181
385,69 -> 408,46
202,329 -> 202,311
335,200 -> 421,200
432,216 -> 438,222
152,22 -> 168,22
172,169 -> 172,325
414,250 -> 419,250
289,124 -> 273,140
265,68 -> 307,68
479,84 -> 448,84
260,239 -> 249,239
368,189 -> 334,223
478,321 -> 478,261
353,41 -> 330,64
324,35 -> 307,35
428,1 -> 368,1
284,216 -> 330,216
217,235 -> 217,172
261,99 -> 261,10
455,173 -> 439,173
267,234 -> 273,228
364,158 -> 392,130
249,27 -> 249,29
220,33 -> 218,35
234,133 -> 231,130
357,217 -> 370,230
418,79 -> 393,54
347,195 -> 360,208
157,195 -> 165,195
256,188 -> 192,188
208,165 -> 239,134
450,17 -> 334,133
180,41 -> 156,17
169,218 -> 188,199
374,13 -> 407,13
202,146 -> 202,169
350,42 -> 359,51
354,57 -> 386,89
434,65 -> 434,119
377,234 -> 413,270
352,312 -> 330,334
202,309 -> 241,309
452,33 -> 452,51
460,258 -> 470,258
159,186 -> 192,186
428,201 -> 420,209
471,101 -> 426,101
417,26 -> 417,0
194,78 -> 194,86
344,291 -> 328,307
264,207 -> 235,207
331,137 -> 254,60
203,288 -> 229,262
470,258 -> 480,258
198,101 -> 213,86
234,132 -> 234,216
374,228 -> 429,173
174,240 -> 131,283
456,175 -> 480,199
438,138 -> 391,91
478,219 -> 470,211
336,193 -> 336,168
360,199 -> 360,159
180,225 -> 180,122
274,26 -> 256,8
465,105 -> 455,105
303,74 -> 289,74
293,96 -> 293,76
179,73 -> 194,58
443,27 -> 479,27
161,238 -> 215,292
354,118 -> 337,118
366,74 -> 406,34
452,287 -> 480,259
441,234 -> 467,260
176,329 -> 166,339
195,55 -> 130,120
299,21 -> 299,0
180,304 -> 180,327
185,94 -> 216,125
370,98 -> 332,98
204,108 -> 191,108
450,218 -> 480,188
459,6 -> 422,43
434,203 -> 420,203
226,105 -> 215,116
227,256 -> 291,192
160,327 -> 239,248
235,193 -> 183,245
222,5 -> 199,5
221,117 -> 209,129
163,53 -> 149,67
267,160 -> 365,62
333,95 -> 353,75
239,85 -> 248,94
208,53 -> 208,3
416,162 -> 433,179
438,175 -> 429,175
365,18 -> 383,0
460,234 -> 480,234
363,287 -> 382,306
340,5 -> 210,135
468,161 -> 447,182
306,4 -> 306,0
201,281 -> 201,316
259,134 -> 382,257
471,200 -> 471,249
230,24 -> 206,0
208,243 -> 208,306
440,85 -> 455,85
238,141 -> 238,108
193,62 -> 255,0
226,17 -> 209,0
397,110 -> 397,96
370,234 -> 370,268
382,150 -> 396,136
452,263 -> 480,291
159,8 -> 151,0
414,105 -> 382,137
357,97 -> 386,68
256,246 -> 204,246
356,62 -> 428,62
143,248 -> 143,309
460,306 -> 468,306
226,66 -> 226,0
411,252 -> 411,212
363,5 -> 358,0
339,108 -> 339,126
196,103 -> 182,89
414,58 -> 439,58
417,231 -> 417,181
461,167 -> 461,244
248,86 -> 235,99
236,60 -> 213,37
469,313 -> 416,260
287,121 -> 276,132
352,285 -> 419,218
172,77 -> 172,79
414,22 -> 396,4
426,117 -> 426,66
262,149 -> 202,149
332,79 -> 411,0
160,184 -> 187,211
250,69 -> 250,87
368,315 -> 368,319
326,222 -> 323,219
227,261 -> 205,283
160,23 -> 145,38
424,226 -> 447,203
269,62 -> 234,97
292,71 -> 292,112
477,93 -> 477,136
278,22 -> 284,28
466,131 -> 480,131
422,147 -> 480,89
286,174 -> 318,142
312,16 -> 320,16
241,94 -> 163,16
474,226 -> 474,268
169,171 -> 143,197
193,61 -> 173,41
449,171 -> 403,217
431,111 -> 445,97
454,102 -> 478,126
444,258 -> 429,273
468,198 -> 480,186
373,207 -> 369,203
219,284 -> 219,271
366,1 -> 377,12
322,106 -> 347,131
379,103 -> 352,103
270,250 -> 413,107
479,192 -> 473,192
443,204 -> 411,236
227,8 -> 227,97
270,80 -> 317,33
212,1 -> 308,97
207,270 -> 143,334
292,8 -> 236,8
349,90 -> 301,42
252,45 -> 326,119
374,36 -> 378,32
263,16 -> 277,30
286,179 -> 286,194
200,238 -> 200,258
228,196 -> 228,211
468,224 -> 431,224
218,65 -> 164,11
455,253 -> 480,253
318,15 -> 318,0
265,236 -> 265,163
240,36 -> 327,123
212,168 -> 212,225
164,11 -> 173,11
221,38 -> 203,20
194,218 -> 207,205
249,261 -> 252,261
262,35 -> 232,35
297,199 -> 244,199
298,147 -> 273,147
259,34 -> 223,34
420,147 -> 356,83
185,108 -> 159,82
405,170 -> 405,185
159,268 -> 251,360
290,109 -> 271,128
463,140 -> 437,114
204,314 -> 193,303
469,262 -> 480,262
460,114 -> 399,53
223,34 -> 189,0
435,50 -> 435,75
312,149 -> 252,209
363,82 -> 304,23
326,245 -> 308,227
376,5 -> 461,90
268,133 -> 267,132
439,221 -> 398,221
210,150 -> 246,150
182,334 -> 133,285
357,264 -> 336,264
470,249 -> 470,193
251,123 -> 252,122
284,27 -> 295,27
398,134 -> 419,134
297,17 -> 332,52
429,267 -> 445,283
471,97 -> 471,83
343,43 -> 343,37
418,222 -> 402,238
307,134 -> 273,134
351,177 -> 365,191
188,199 -> 188,255
248,119 -> 149,218
269,100 -> 269,136
190,335 -> 190,274
239,25 -> 296,82
252,122 -> 274,100
145,45 -> 145,0
188,116 -> 156,116
249,2 -> 249,0
306,203 -> 286,203
346,36 -> 346,0
403,23 -> 390,10
152,277 -> 210,277
422,130 -> 340,212
468,26 -> 468,0
448,245 -> 448,191
153,209 -> 198,209
177,235 -> 220,192
267,132 -> 267,115
334,14 -> 308,40
474,201 -> 441,168
425,71 -> 425,9
432,222 -> 441,231
179,304 -> 218,304
42,11 -> 114,83
199,83 -> 193,83
378,189 -> 463,104
232,53 -> 232,106
284,132 -> 284,107
269,169 -> 269,247
196,202 -> 196,251
455,226 -> 470,241
324,167 -> 324,124
371,160 -> 371,196
353,214 -> 345,206
228,2 -> 264,2
312,131 -> 343,100
458,94 -> 458,205
174,191 -> 123,191
416,198 -> 393,198
333,42 -> 291,0
371,9 -> 382,20
253,247 -> 319,181
149,270 -> 206,213
161,50 -> 167,44
450,80 -> 420,80
456,48 -> 408,0
446,22 -> 355,22
165,10 -> 117,58
260,180 -> 273,180
457,307 -> 439,325
457,254 -> 457,286
306,32 -> 328,54